0:2:2:[[0,1,-4,10,4,1],[]]:256:[0,1,0,-3,1]:1:[0,1]:0.050
0:2:2:[[0,4,8,4,-4,1],[]]:256:[0,1,0,-3,1]:1:[0,1]:0.070
0:1:2:[[8,32,12,0,6,-8,1],[]]:256:[0,1,0,-3,1]:8:[-2,0,1]:0.030
0:1:2:[[1,4,-5,0,-5,-4,1],[]]:256:[0,1,0,-3,1]:8:[-2,0,1]:0.040
0:1:3:[0,0,-1,0,0,-1,0,0,0,3,1,0,0,0,-1]:256:[0,1,0,-3,1]:8:[-2,0,1]:0.030
0:2:2:[[0,-2,0,4,0,-1],[]]:256:[0,1,0,-3,1]:8:[-2,0,1]:0.040
0:1:2:[[1,-4,-5,0,-5,4,1],[]]:256:[0,1,0,-3,1]:8:[-2,0,1]:0.030
0:1:2:[[8,-32,12,0,6,8,1],[]]:256:[0,1,0,-3,1]:8:[-2,0,1]:0.040
0:1:3:[0,0,-1,0,0,3,0,-4,0,-5,1,0,4,0,3]:256:[0,1,0,-3,1]:8:[2,0,1]:0.030
0:2:2:[[0,-1,0,8,-8,2],[]]:256:[0,1,0,-3,1]:8:[2,0,1]:0.040
0:1:3:[0,0,-1,0,0,3,0,4,0,-5,1,0,-4,0,3]:256:[0,1,0,-3,1]:8:[2,0,1]:0.020
0:2:2:[[0,-1,0,8,8,2],[]]:256:[0,1,0,-3,1]:8:[2,0,1]:0.040
0:3:2:[[0,420,-420,420,-210,105],[]]:256:[0,1,0,-3,1]:256:[1,0,0,0,1]:0.820
0:2:3:[[-25500,97798,32949,145222,-302607,3962,90741,-43462,-60],[1,0,0,0,1]]:256:[0,1,0,-3,1]:256:[1,0,0,0,1]:0.880
0:2:3:[[0,-2,4,30,8,-30,4,2],[]]:256:[0,1,0,-3,1]:256:[1,0,0,0,1]:0.030
0:2:2:[[-4,0,4,0,2,0,-2],[]]:256:[0,1,0,-3,1]:256:[1,0,0,0,1]:0.050
0:1:3:[-1,2,0,-1,2,2,1,4,10,8,-1,-9,-25,-30,-13]:256:[0,1,0,-3,1]:512:[2,0,-2,0,1]:0.070
0:2:3:[[0,-2,9,14,-15,-14,9,2],[1,0,0,0,1]]:256:[0,1,0,-3,1]:512:[2,0,-2,0,1]:0.110
0:1:3:[-1,2,0,-1,2,2,-1,-8,-14,-8,0,-3,-13,-22,-13]:256:[0,1,0,-3,1]:512:[2,0,-2,0,1]:0.100
0:1:3:[1,4,-4,5,-18,5,2,-14,14,-2,0,-2,8,-2,0]:256:[0,1,0,-3,1]:2048:[2,0,0,0,1]:0.050
0:1:3:[0,-1,-3,-1,-11,-18,-1,-11,-42,-26,0,-3,-18,-26,-11]:256:[0,1,0,-3,1]:2048:[2,0,0,0,1]:0.070
0:1:3:[1,-20,5480,154,-84940,11729255,-556,465800,-130428110,12209234500,817,-928860,397382885,-75825821550,5445081159150]:256:[0,1,0,-3,1]:2048:[2,0,0,0,1]:0.070
0:1:3:[-12,-128,8768,-492,67404,-2308450,-800,164400,-11260852,257097762,-467,127958,-13147068,600326465,-10279143154]:256:[0,1,0,-3,1]:2048:[2,0,0,0,1]:0.100
0:1:3:[-3,-4,4,-1,2,-1,0,0,0,0,0,2,0,2,0]:256:[0,1,0,-3,1]:2048:[2,0,0,0,1]:0.050
0:2:3:[[4,-16,8,56,6,-28,2,2],[0,0,0,0,1]]:256:[0,1,0,-3,1]:2048:[2,0,0,0,1]:0.090
0:1:3:[-3,4,-4,-1,2,-1,0,0,0,0,0,2,0,2,0]:256:[0,1,0,-3,1]:2048:[2,0,0,0,1]:0.080
0:1:3:[-12,-128,-8768,-492,-67404,-2308450,-800,-164400,-11260852,-257097762,-467,-127958,-13147068,-600326465,-10279143154]:256:[0,1,0,-3,1]:2048:[2,0,0,0,1]:0.060
0:1:3:[1,20,-5480,154,-84940,11729255,556,-465800,130428110,-12209234500,817,-928860,397382885,-75825821550,5445081159150]:256:[0,1,0,-3,1]:2048:[2,0,0,0,1]:0.100
0:1:3:[0,-1,3,-1,11,-18,-1,11,-42,26,0,3,-18,26,-11]:256:[0,1,0,-3,1]:2048:[2,0,0,0,1]:0.050
0:1:3:[1,-4,4,5,-18,5,-2,14,-14,2,0,-2,8,-2,0]:256:[0,1,0,-3,1]:2048:[2,0,0,0,1]:0.070
0:1:3:[1,-20,5056072,138,-68256972,8388144161719,-364,257859672,-59915321580366,4544045541182141932,241,-189602700,49130595498593,-4039171208877040362,-39884125555111398964872]:256:[0,1,0,-3,1]:2048:[2,0,-4,0,1]:0.060
0:3:3:[[4,16,24,56,102,28,6,2],[0,0,0,0,1]]:256:[0,1,0,-3,1]:2048:[2,0,-4,0,1]:0.960
0:1:3:[1,-4,4,1,-10,1,2,2,-2,-2,0,2,0,2,0]:256:[0,1,0,-3,1]:2048:[2,0,-4,0,1]:0.780
0:1:3:[1,4,-4,1,-10,1,-2,-2,2,2,0,2,0,2,0]:256:[0,1,0,-3,1]:2048:[2,0,-4,0,1]:0.030
0:1:3:[1,20,-5056072,138,-68256972,8388144161719,364,-257859672,59915321580366,-4544045541182141932,241,-189602700,49130595498593,-4039171208877040362,-39884125555111398964872]:256:[0,1,0,-3,1]:2048:[2,0,-4,0,1]:0.970
0:2:3:[[7,-26,30,-30,24,2,2,6,1],[]]:256:[0,1,0,-3,1]:2048:[2,0,-4,0,1]:0.070
0:1:3:[-4,0,0,56,0,0,-112,0,0,0,62,0,0,0,49]:256:[0,1,0,-3,1]:2048:[2,0,-4,0,1]:0.090
0:2:3:[[0,16,64,56,64,28,16,2],[]]:256:[0,1,0,-3,1]:2048:[2,0,-4,0,1]:0.030
0:1:3:[-1,0,0,1,-2,1,0,0,0,0,0,1,0,1,0]:256:[0,1,0,-3,1]:2048:[2,0,-4,0,1]:0.040
0:2:3:[[6,-24,47,-28,-21,0,19,4],[1,0,0,0,1]]:256:[0,1,0,-3,1]:2048:[2,0,-4,0,1]:0.070
0:1:3:[-4,0,0,56,0,0,112,0,0,0,62,0,0,0,49]:256:[0,1,0,-3,1]:2048:[2,0,-4,0,1]:0.030
0:2:2:[[0,-4,-4,-4,-2,-1],[]]:256:[0,1,0,-13,-21]:1:[0,1]:0.030
0:2:2:[[2,0,-6,0,5,0,-1],[]]:256:[0,1,0,-13,-21]:1:[0,1]:0.050
0:1:3:[0,-1,0,-4,0,10,-6,0,20,0,-4,0,20,0,50]:256:[0,1,0,-13,-21]:4:[1,0,1]:0.030
0:2:2:[[0,-2,8,4,-8,2],[]]:256:[0,1,0,-13,-21]:4:[1,0,1]:0.040
0:1:2:[[0,14,0,28,0,7],[]]:256:[0,1,0,-13,-21]:8:[-2,0,1]:0.020
0:1:2:[[-161,-182,231,-476,329,-182,49],[]]:256:[0,1,0,-13,-21]:8:[-2,0,1]:0.040
0:1:3:[4,14,0,16,0,0,7,0,0,0,1,0,0,0,2]:256:[0,1,0,-13,-21]:8:[-2,0,1]:0.020
0:2:2:[[0,4,0,8,0,2],[]]:256:[0,1,0,-13,-21]:8:[-2,0,1]:0.040
0:1:2:[[-161,182,231,476,329,182,49],[]]:256:[0,1,0,-13,-21]:8:[-2,0,1]:0.030
0:1:2:[[0,-14,0,-28,0,-7],[]]:256:[0,1,0,-13,-21]:8:[-2,0,1]:0.040
0:1:3:[0,-3,0,-10,0,6,-10,0,16,0,-4,0,20,0,2]:256:[0,1,0,-13,-21]:8:[2,0,1]:0.040
0:2:2:[[2,6,-4,-12,6,2],[]]:256:[0,1,0,-13,-21]:8:[2,0,1]:0.060
0:1:2:[[-97,198,119,-68,-23,6,1],[]]:256:[0,1,0,-13,-21]:8:[2,0,1]:0.010
0:1:2:[[0,-2,0,16,-16,4],[]]:256:[0,1,0,-13,-21]:8:[2,0,1]:0.020
0:2:3:[[1951,7096,-46116,-9128,85610,-13048,-22596,3176,463],[]]:256:[0,1,0,-13,-21]:256:[1,0,0,0,1]:0.070
0:3:2:[[0,105,-210,-210,210,105],[]]:256:[0,1,0,-13,-21]:256:[1,0,0,0,1]:0.850
0:2:3:[[-17,95,-167,69,61,-27,-13,-1],[]]:256:[0,1,0,-13,-21]:256:[1,0,0,0,1]:0.040
0:2:2:[[0,-1,0,0,0,-1],[]]:256:[0,1,0,-13,-21]:256:[1,0,0,0,1]:0.070
0:1:3:[-76,96,-20872,20,19708,-2150758,-352,3268,1345898,-98554057,-219,-23674,129068,30576112,-1694409686]:256:[0,1,0,-13,-21]:2048:[2,0,0,0,1]:0.060
0:1:3:[19,-200,0,748,0,-27400,-648,0,27400,0,162,0,0,0,1876900]:256:[0,1,0,-13,-21]:2048:[2,0,0,0,1]:0.090
0:1:3:[0,-1,0,-6,-9,-4,-8,-16,-11,-2,-12,-40,-54,-35,-9]:256:[0,1,0,-13,-21]:2048:[2,0,0,0,1]:0.060
0:1:3:[3,-8,0,12,0,-8,-8,0,8,0,2,0,0,0,4]:256:[0,1,0,-13,-21]:2048:[2,0,0,0,1]:0.070
0:1:3:[9,28,-28,32,-60,32,14,-42,42,-14,2,-8,16,-8,2]:256:[0,1,0,-13,-21]:2048:[2,0,0,0,1]:0.050
0:1:3:[0,1,1,0,1,0,1,-1,0,0,0,-1,0,0,-4]:256:[0,1,0,-13,-21]:2048:[2,0,0,0,1]:0.060
0:1:3:[0,1,1,3,5,3,-10,-34,-37,-13,9,46,87,71,21]:256:[0,1,0,-13,-21]:2048:[2,0,0,0,1]:0.040
0:1:3:[3,8,0,12,0,-8,8,0,-8,0,2,0,0,0,4]:256:[0,1,0,-13,-21]:2048:[2,0,0,0,1]:0.050
0:1:3:[0,0,1,-4,-6,-3,-6,-12,-8,-1,-11,-38,-52,-34,-9]:256:[0,1,0,-13,-21]:2048:[2,0,0,0,1]:0.070
0:1:3:[19,200,0,748,0,-27400,648,0,-27400,0,162,0,0,0,1876900]:256:[0,1,0,-13,-21]:2048:[2,0,0,0,1]:0.060
0:1:3:[-219,-352,-59830,20,-72356,-6130060,96,2596,-4960150,-279168200,-76,6728,82634,-113396095,-4767984050]:256:[0,1,0,-13,-21]:2048:[2,0,0,0,1]:0.090
0:1:3:[0,1,0,0,0,4,1,0,-8,8,0,0,4,-8,4]:256:[0,1,0,-13,-21]:2048:[2,0,-4,0,1]:0.030
0:2:3:[[4,-8,24,-28,38,-14,6,-1],[0,0,0,0,1]]:256:[0,1,0,-13,-21]:2048:[2,0,-4,0,1]:0.070
0:1:3:[0,1,0,0,0,4,1,0,-8,-8,0,0,4,8,4]:256:[0,1,0,-13,-21]:2048:[2,0,-4,0,1]:0.070
0:2:3:[[0,-8,-32,-28,-32,-14,-8,-1],[]]:256:[0,1,0,-13,-21]:2048:[2,0,4,0,1]:0.040
0:1:3:[0,1,0,0,0,-2,1,0,4,0,0,0,-2,0,-4]:256:[0,1,0,-13,-21]:2048:[2,0,4,0,1]:0.050
0:2:2:[[0,1,-4,-6,4,1],[]]:256:[0,0,0,-2,0]:1:[0,1]:0.020
0:2:2:[[0,4,-8,12,-4,1],[]]:256:[0,0,0,-2,0]:1:[0,1]:0.040
0:2:2:[[-16,60,-32,-12,4,1],[]]:256:[0,0,0,-2,0]:4:[1,0,1]:0.030
0:1:3:[0,-5,0,-29,0,65,-53,0,-26,0,-29,0,39,0,169]:256:[0,0,0,-2,0]:4:[1,0,1]:0.050
0:2:2:[[-1,5,2,-10,3,1],[]]:256:[0,0,0,-2,0]:4:[1,0,1]:0.020
0:1:3:[0,1,0,1,0,-1,1,0,-2,0,1,0,-3,0,1]:256:[0,0,0,-2,0]:4:[1,0,1]:0.040
0:1:2:[[-861,-18942,-62853,-51660,7749,8610,861],[]]:256:[0,0,0,-2,0]:4:[1,0,1]:0.030
0:1:2:[[0,861,3444,-1722,-3444,-861],[]]:256:[0,0,0,-2,0]:4:[1,0,1]:0.050
0:1:2:[[-17,38,23,-36,-7,6,1],[]]:256:[0,0,0,-2,0]:4:[1,0,1]:0.020
0:1:2:[[0,-1,4,2,-4,1],[]]:256:[0,0,0,-2,0]:4:[1,0,1]:0.030
0:1:2:[[-33,-30,63,-108,57,-30,9],[]]:256:[0,0,0,-2,0]:8:[-2,0,1]:0.020
0:1:2:[[9,-12,3,0,3,12,9],[]]:256:[0,0,0,-2,0]:8:[-2,0,1]:0.040
0:1:3:[0,0,-1,0,0,0,0,0,0,2,1,0,0,0,0]:256:[0,0,0,-2,0]:8:[-2,0,1]:0.020
0:2:2:[[0,-2,0,0,0,-1],[]]:256:[0,0,0,-2,0]:8:[-2,0,1]:0.030
0:1:2:[[9,12,3,0,3,-12,9],[]]:256:[0,0,0,-2,0]:8:[-2,0,1]:0.030
0:1:2:[[-33,30,63,108,57,30,9],[]]:256:[0,0,0,-2,0]:8:[-2,0,1]:0.040
0:3:2:[[7170,22705,-74090,-21510,74090,22705,-7170],[]]:256:[0,0,0,-2,0]:256:[1,0,0,0,1]:1.100
0:2:3:[[676,-3824,6760,-1912,-4394,956,1690,478,42],[0,0,0,0,1]]:256:[0,0,0,-2,0]:256:[1,0,0,0,1]:1.190
0:2:3:[[4,-16,40,-8,-26,4,10,2],[0,0,0,0,1]]:256:[0,0,0,-2,0]:256:[1,0,0,0,1]:0.050
0:2:3:[[-8,-18,-19,-34,-31,-14,-3,2],[1,0,0,0,1]]:256:[0,0,0,-2,0]:256:[1,0,0,0,1]:0.090
0:2:3:[[-14,-26,30,-110,-74,-30,-54,54],[]]:256:[0,0,0,-2,0]:256:[1,0,0,0,1]:0.030
0:2:2:[[0,2,-8,16,-8,2],[]]:256:[0,0,0,-2,0]:256:[1,0,0,0,1]:0.050
0:1:3:[13,-44,1122,52,-2652,33660,-24,1836,-46614,392751,4,-408,15504,-260100,1625625]:256:[0,0,0,-2,0]:512:[2,0,-2,0,1]:0.080
0:1:3:[-4,0,0,4,0,0,0,0,68,0,-2,0,0,0,289]:256:[0,0,0,-2,0]:512:[2,0,-2,0,1]:0.110
0:1:3:[13,-68,578,120,-2040,8517,-72,1836,-15300,41616,20,-680,8364,-43928,82943]:256:[0,0,0,-2,0]:512:[2,0,-2,0,1]:0.070
0:1:3:[-5,16,306,-46,-1190,-8925,-88,-1462,-2244,44217,-41,-646,-2057,-6069,-109242]:256:[0,0,0,-2,0]:512:[2,0,-2,0,1]:0.100
0:2:3:[[0,2,-7,-14,17,14,-7,-2],[1,0,0,0,1]]:256:[0,0,0,-2,0]:512:[2,0,-2,0,1]:0.090
0:1:3:[-1,2,0,-3,-6,-6,1,0,-6,-8,0,-1,-3,-6,-5]:256:[0,0,0,-2,0]:512:[2,0,-2,0,1]:0.110
0:1:3:[169,-2,-2,156,364,156,1,3,3,1,36,168,268,168,36]:256:[0,0,0,-2,0]:512:[2,0,-2,0,1]:0.070
0:1:3:[-676,0,0,0,0,4,0,4,0,0,1,0,0,0,-338]:256:[0,0,0,-2,0]:512:[2,0,-2,0,1]:0.080
0:1:3:[1,-2,-2,2,0,2,1,3,3,1,1,0,2,0,1]:256:[0,0,0,-2,0]:512:[2,0,-2,0,1]:0.070
0:1:3:[-4,0,0,0,0,4,0,4,0,0,1,0,0,0,-2]:256:[0,0,0,-2,0]:512:[2,0,-2,0,1]:0.070
0:1:3:[1,-2,-2,0,4,0,1,3,3,1,0,0,4,0,0]:256:[0,0,0,-2,0]:512:[2,0,-2,0,1]:0.070
0:1:3:[169,-2,-2,182,312,182,1,3,3,1,49,168,242,168,49]:256:[0,0,0,-2,0]:512:[2,0,-2,0,1]:0.070
0:1:3:[-1,2,0,-3,-6,-6,3,12,18,8,-1,-7,-15,-14,-5]:256:[0,0,0,-2,0]:512:[2,0,-2,0,1]:0.070
0:1:3:[-5,-16,34,-46,-374,-1989,88,3026,28832,92191,-41,-2142,-40205,-309519,-851105]:256:[0,0,0,-2,0]:512:[2,0,-2,0,1]:0.090
0:1:3:[13,68,-578,120,-2040,8517,72,-1836,15300,-41616,20,-680,8364,-43928,82943]:256:[0,0,0,-2,0]:512:[2,0,-2,0,1]:0.110
0:1:3:[-4,0,0,4,0,0,0,0,-68,0,-2,0,0,0,289]:256:[0,0,0,-2,0]:512:[2,0,-2,0,1]:0.080
0:1:3:[13,44,-1122,52,-2652,33660,24,-1836,46614,-392751,4,-408,15504,-260100,1625625]:256:[0,0,0,-2,0]:512:[2,0,-2,0,1]:0.100
0:1:3:[-2,8,3164,-12,-9492,-1877043,8,9492,3754086,494913671,-1,-3164,-1876252,-494913671,-48934511010]:256:[0,0,0,-2,0]:2048:[-2,0,0,0,1]:0.080
0:2:3:[[14,66,98,54,10,-10,-10,2],[]]:256:[0,0,0,-2,0]:2048:[-2,0,0,0,1]:0.050
0:1:3:[1,0,0,-1,-2,-1,0,0,0,0,0,1,0,1,0]:256:[0,0,0,-2,0]:2048:[-2,0,0,0,1]:0.060
0:2:3:[[-14,66,-98,54,-10,-10,10,2],[]]:256:[0,0,0,-2,0]:2048:[-2,0,0,0,1]:0.050
0:1:3:[1,0,0,1,2,1,0,0,0,0,0,1,0,1,0]:256:[0,0,0,-2,0]:2048:[-2,0,0,0,1]:0.060
0:1:3:[-4,0,0,0,0,0,0,0,0,0,-2,0,0,0,49]:256:[0,0,0,-2,0]:2048:[2,0,0,0,1]:0.070
0:2:3:[[-16,112,224,-392,-280,196,56,-14,-1],[]]:256:[0,0,0,-2,0]:2048:[2,0,0,0,1]:0.130
0:3:3:[[-28496,-111424,-247328,-268960,20872,134480,-61832,13928,-1781],[]]:256:[0,0,0,-2,0]:2048:[2,0,0,0,1]:0.810
0:1:3:[1,-4,4,7,-14,7,-6,10,-10,6,2,-2,4,-2,2]:256:[0,0,0,-2,0]:2048:[2,0,0,0,1]:0.830
0:1:3:[1,4,-4,7,-14,7,6,-10,10,-6,2,-2,4,-2,2]:256:[0,0,0,-2,0]:2048:[2,0,0,0,1]:0.050
0:1:3:[-1266,3032,-184483852,-2724,335283228,-14117113197579,1088,-202776084,16403096497914,2254872156180917,-163,40822908,-4786569114579,28619531213065485,-15439681198414442486825]:256:[0,0,0,-2,0]:2048:[2,0,0,0,1]:0.070
0:2:3:[[-28224,-127472,395136,446152,-493920,-223076,98784,15934,-1764],[]]:256:[0,0,0,-2,0]:2048:[2,0,0,0,1]:0.220
0:2:3:[[0,16,0,-56,0,28,0,-2],[]]:256:[0,0,0,-2,0]:2048:[2,0,0,0,1]:0.050
0:1:3:[-1,0,0,0,0,0,0,0,0,0,0,1,0,1,0]:256:[0,0,0,-2,0]:2048:[2,0,0,0,1]:0.060
0:1:3:[-1266,3032,184483852,-2724,-335283228,-14117113197579,1088,202776084,16403096497914,-2254872156180917,-163,-40822908,-4786569114579,-28619531213065485,-15439681198414442486825]:256:[0,0,0,-2,0]:2048:[2,0,0,0,1]:0.220
0:2:3:[[5905444,-16827664,82676216,-58896824,103345270,-29448412,20669054,-2103458,369090],[0,0,0,0,1]]:256:[0,0,0,-2,0]:2048:[2,0,-4,0,1]:0.330
0:1:3:[41681,-744164,-1298933806924996,4982298,17393148168862896,15179821926356255124956739,-14825436,-77633178486442068,-135508326205278254878825338,-78843031486617891586117435596852224,16543057,115503337459217488,302415845631083895150157197,351910325348417415152944396346972598,153564460625086085552210412491482824713315382]:256:[0,0,0,-2,0]:2048:[2,0,-4,0,1]:0.370
0:1:3:[85681,24856,-2970292,2028,-484692,28960347,0,0,0,0,-4,1912,-342726,27303838,-813288798]:256:[0,0,0,-2,0]:2048:[2,0,-4,0,1]:0.040
0:2:3:[[4,16,56,56,70,28,14,2],[0,0,0,0,1]]:256:[0,0,0,-2,0]:2048:[2,0,-4,0,1]:0.140
0:1:3:[1,-4,4,3,-6,3,0,0,0,0,0,2,0,2,0]:256:[0,0,0,-2,0]:2048:[2,0,-4,0,1]:0.060
0:1:3:[1,4,-4,3,-6,3,0,0,0,0,0,2,0,2,0]:256:[0,0,0,-2,0]:2048:[2,0,-4,0,1]:0.030
0:1:3:[85681,-24856,2970292,2028,-484692,28960347,0,0,0,0,-4,1912,-342726,27303838,-813288798]:256:[0,0,0,-2,0]:2048:[2,0,-4,0,1]:0.140
0:1:3:[41681,-744164,1298933806924996,4982298,-17393148168862896,15179821926356255124956739,-14825436,77633178486442068,-135508326205278254878825338,78843031486617891586117435596852224,16543057,-115503337459217488,302415845631083895150157197,-351910325348417415152944396346972598,153564460625086085552210412491482824713315382]:256:[0,0,0,-2,0]:2048:[2,0,-4,0,1]:0.060
0:2:2:[[-2,0,2,0,1,0,-1],[]]:256:[0,0,0,8,0]:1:[0,1]:0.030
0:2:2:[[1,3,2,2,1,-1],[]]:256:[0,0,0,8,0]:1:[0,1]:0.050
0:1:3:[0,-2,0,2,0,0,-1,0,-4,0,0,0,0,0,2]:256:[0,0,0,8,0]:4:[1,0,1]:0.010
0:2:2:[[-4,-4,0,0,2,2],[]]:256:[0,0,0,8,0]:4:[1,0,1]:0.030
0:1:3:[0,2,0,18,0,-15,56,0,-120,0,60,0,-240,0,450]:256:[0,0,0,8,0]:4:[1,0,1]:0.020
0:2:2:[[0,-2,4,0,4,2],[]]:256:[0,0,0,8,0]:4:[1,0,1]:0.040
0:1:3:[1,5,0,10,0,-78,10,0,-156,0,4,0,-156,0,3042]:256:[0,0,0,8,0]:4:[1,0,1]:0.040
0:1:3:[0,-2,0,2,0,0,-1,0,4,0,0,0,0,0,2]:256:[0,0,0,8,0]:4:[1,0,1]:0.020
0:2:2:[[4,-4,0,0,-2,2],[]]:256:[0,0,0,8,0]:4:[1,0,1]:0.030
0:1:3:[0,2,0,18,0,-51,56,0,-204,0,60,0,-204,0,2601]:256:[0,0,0,8,0]:4:[1,0,1]:0.030
0:2:2:[[1,1,-2,2,-3,1],[]]:256:[0,0,0,8,0]:4:[1,0,1]:0.050
0:2:2:[[-2,2,0,0,4,-4],[]]:256:[0,0,0,8,0]:8:[-2,0,1]:0.040
0:1:3:[1,7,0,16,0,-6,14,0,-24,0,4,0,-12,0,18]:256:[0,0,0,8,0]:8:[-2,0,1]:0.050
0:1:2:[[987,-918,-405,324,-99,-54,-3],[]]:256:[0,0,0,8,0]:8:[-2,0,1]:0.020
0:1:2:[[-54,54,36,-20,-2,2],[]]:256:[0,0,0,8,0]:8:[-2,0,1]:0.030
0:1:3:[0,-2,0,0,0,0,-1,0,0,0,0,0,0,0,2]:256:[0,0,0,8,0]:8:[2,0,1]:0.010
0:2:2:[[0,-4,0,0,0,2],[]]:256:[0,0,0,8,0]:8:[2,0,1]:0.030
0:2:3:[[4,24,40,12,-26,-6,10,-3],[0,0,0,0,1]]:256:[0,0,0,8,0]:256:[1,0,0,0,1]:0.060
0:3:2:[[-1,0,3,0,-1,0,-1],[]]:256:[0,0,0,8,0]:256:[1,0,0,0,1]:0.860
0:2:3:[[69249,-177791,-239815,163595,711249,398171,112387,56785,14154],[]]:256:[0,0,0,8,0]:256:[1,0,0,0,1]:0.050
0:2:2:[[-4486845,-173846,5812,-2552,298,4],[]]:256:[0,0,0,8,0]:256:[1,0,0,0,1]:0.070
0:2:3:[[-9,47,-79,37,21,-11,-5,-1],[]]:256:[0,0,0,8,0]:256:[1,0,0,0,1]:0.040
0:2:3:[[-38932417118583,129075621861005,-186578326293282,157216047853907,-73405696098438,39766934096407,10404655657032,11626508103505,3278221870770],[1,0,0,0,1]]:256:[0,0,0,8,0]:2048:[-2,0,0,0,1]:0.680
0:1:3:[451326646748,12743799975024,30284730967585901166001156329528,134939216674008,641346832492397659196477961125976,762057483521870799049209808970402486706172182252534,635030968689984,4527317302661744440192551633382944,10758846402542655294937915120350413487026145449581872,8522543497260473634944698672523358034008441022417762322965214545542072,1120683281892638,10652895292929216062677069856102172,37973767864120876675664557882729550319005372929294269,60161299133401848281383561709522063466815949758591867516443177444630263,35742258244918221004116797552610410277962914180228256459332576997029987127522455086488304]:256:[0,0,0,8,0]:2048:[-2,0,0,0,1]:0.740
0:2:3:[[397057551,1316181385,1904341733,1595902763,771097425,362146883,-53707913,82425505,-22524516],[]]:256:[0,0,0,8,0]:2048:[-2,0,0,0,1]:0.350
0:1:3:[1898942,65374384,-1922006311441198780,843985104,-49623626814106181256,557843550398574011391524107389,4842609280,-427071830714195437008,9600162497202129191654635498500,-42966341103312544318421042775957868111,10419703012,-1225157951766442056384,41303295443044795804901746163892,92136042950103553203574270321572077706,-14775002779258855055860131075224040798973263515734841]:256:[0,0,0,8,0]:2048:[-2,0,0,0,1]:0.400
0:1:3:[2,-208,2308,8112,-180024,998787,-140608,4680624,-51936924,192100033,913948,-40505400,337590006,839092944144,-791422878159480]:256:[0,0,0,8,0]:2048:[-2,0,0,0,1]:0.070
0:2:3:[[-86403,287981,-403410,402227,-2958,397495,396312,283249,84966],[1,0,0,0,1]]:256:[0,0,0,8,0]:2048:[-2,0,0,0,1]:0.230
0:1:3:[31,-184,0,408,0,0,-400,0,0,0,146,0,0,0,459684]:256:[0,0,0,8,0]:2048:[-2,0,0,0,1]:0.070
0:2:3:[[-144,904,-2016,3164,-2520,1582,-504,113,-9],[]]:256:[0,0,0,8,0]:2048:[-2,0,0,0,1]:0.170
0:2:3:[[-9,-29,-42,-35,-18,-7,0,-1],[1,0,0,0,1]]:256:[0,0,0,8,0]:2048:[-2,0,0,0,1]:0.080
0:1:3:[28,48,-24,24,-24,6,0,0,0,0,-2,4,-3,1,1]:256:[0,0,0,8,0]:2048:[-2,0,0,0,1]:0.090
0:2:3:[[0,-8,0,-28,0,-14,0,-1],[]]:256:[0,0,0,8,0]:2048:[-2,0,0,0,1]:0.060
0:1:3:[0,1,0,0,0,0,1,0,0,0,0,0,0,0,4]:256:[0,0,0,8,0]:2048:[-2,0,0,0,1]:0.060
0:1:3:[28,-48,24,24,-24,6,0,0,0,0,-2,4,-3,1,1]:256:[0,0,0,8,0]:2048:[-2,0,0,0,1]:0.060
0:1:3:[31,184,0,408,0,0,400,0,0,0,146,0,0,0,459684]:256:[0,0,0,8,0]:2048:[-2,0,0,0,1]:0.170
0:1:3:[1898942,65374384,1922006311441198780,843985104,49623626814106181256,557843550398574011391524107389,4842609280,427071830714195437008,9600162497202129191654635498500,42966341103312544318421042775957868111,10419703012,1225157951766442056384,41303295443044795804901746163892,-92136042950103553203574270321572077706,-14775002779258855055860131075224040798973263515734841]:256:[0,0,0,8,0]:2048:[-2,0,0,0,1]:0.100
0:1:3:[451326646748,19965026322992,35938886452494012811809059751768,331192174462104,1192352843355961723813385315863416,1073172475593709702574447314295616552546495770269254,2441786722450688,13186323074110101975105497141282928,23736596186732023401445241418655614131913343589506656,14242686541335232635289089550332843491822359271120903749035164820864900,6750977443405726,48609525047807119170347689586235108,131252434102047055681894384563453848440934372059211349,157510981102474084453446337264105386831667308936864031460580483161442657,70883568762736061836778312094142953738583977994746570794287368812491584427543490520805266]:256:[0,0,0,8,0]:2048:[-2,0,0,0,1]:0.110
0:1:3:[3,-16,0,36,0,-168,-40,0,336,0,18,0,-168,0,1764]:256:[0,0,0,8,0]:2048:[2,0,0,0,1]:0.130
0:1:3:[3,16,0,36,0,-168,40,0,-336,0,18,0,-168,0,1764]:256:[0,0,0,8,0]:2048:[2,0,0,0,1]:0.050
0:1:3:[0,0,-1,0,0,4,0,4,0,-2,1,0,0,0,0]:256:[0,0,0,2,0]:8:[-2,0,1]:0.010
0:2:2:[[1,-1,0,0,-2,2],[]]:256:[0,0,0,2,0]:8:[-2,0,1]:0.030
0:1:3:[0,0,-1,0,0,4,0,-4,0,-2,1,0,0,0,0]:256:[0,0,0,2,0]:8:[-2,0,1]:0.010
0:2:2:[[-1,-1,0,0,2,2],[]]:256:[0,0,0,2,0]:8:[-2,0,1]:0.030
0:1:3:[0,0,-1,0,0,0,0,0,0,-2,1,0,0,0,0]:256:[0,0,0,2,0]:8:[2,0,1]:0.020
0:2:2:[[0,-2,0,0,0,1],[]]:256:[0,0,0,2,0]:8:[2,0,1]:0.030
0:2:3:[[0,1,0,-1,0,1,0,-1],[]]:256:[0,0,0,2,0]:256:[1,0,0,0,1]:0.030
0:1:3:[1,0,0,0,0,-3,0,0,0,0,1,0,0,0,2]:256:[0,0,0,2,0]:256:[1,0,0,0,1]:0.040
0:2:3:[[0,-2,12,-34,24,34,12,2],[]]:256:[0,0,0,2,0]:256:[1,0,0,0,1]:0.030
0:2:2:[[-8,0,10,0,-3],[0,0,0,1]]:256:[0,0,0,2,0]:256:[1,0,0,0,1]:0.050
0:2:3:[[0,-2,-12,-34,-24,34,-12,2],[]]:256:[0,0,0,2,0]:256:[1,0,0,0,1]:0.040
0:2:2:[[-4,0,12,0,-10,0,2],[]]:256:[0,0,0,2,0]:256:[1,0,0,0,1]:0.050
0:2:3:[[-18,-94,-158,-74,42,22,-10,2],[]]:256:[0,0,0,2,0]:256:[1,0,0,0,1]:0.030
0:2:2:[[0,1,-4,-2,-4,1],[]]:256:[0,0,0,2,0]:256:[1,0,0,0,1]:0.050
0:2:3:[[0,-1,0,1,0,-1,0,1],[]]:256:[0,0,0,2,0]:256:[1,0,0,0,1]:0.020
0:1:3:[2,0,0,-3,0,0,0,0,0,0,1,0,0,0,2]:256:[0,0,0,2,0]:256:[1,0,0,0,1]:0.030
0:1:3:[57121,-2704,-577970,-228484,-1122140,763159,-5408,1101860,5560000,3366580,228484,2298360,7244632,7451410,2557884]:256:[0,0,0,2,0]:2048:[-2,0,0,0,1]:0.060
0:1:3:[57121,0,0,1352,-1352,338,0,0,338,-169,-114242,228484,-171363,57121,-7119]:256:[0,0,0,2,0]:2048:[-2,0,0,0,1]:0.060
0:1:3:[0,0,2,1,-6,0,0,6,4,16,0,-2,0,-16,4]:256:[0,0,0,2,0]:2048:[-2,0,0,0,1]:0.050
0:1:3:[1,0,0,2,-4,2,-1,-1,1,1,0,1,0,1,0]:256:[0,0,0,2,0]:2048:[-2,0,0,0,1]:0.060
0:1:3:[-3,2,-12,1,4,-17,-2,4,2,-12,3,-2,4,2,-3]:256:[0,0,0,2,0]:2048:[-2,0,0,0,1]:0.040
0:1:3:[228484,-5408,2704,-228484,228484,-60228,-2704,4056,-2028,338,57121,-114242,87235,-30114,3969]:256:[0,0,0,2,0]:2048:[-2,0,0,0,1]:0.050
0:1:3:[196,-1152,576,-196,196,-28,-576,864,-432,72,49,-98,63,-14,1]:256:[0,0,0,2,0]:2048:[-2,0,0,0,1]:0.050
0:1:3:[-196,0,0,576,0,0,0,0,144,0,98,0,0,0,9]:256:[0,0,0,2,0]:2048:[-2,0,0,0,1]:0.060
0:2:3:[[0,16,0,56,0,28,0,2],[]]:256:[0,0,0,2,0]:2048:[-2,0,0,0,1]:0.060
0:1:3:[1,0,0,0,0,0,0,0,0,0,0,1,0,1,0]:256:[0,0,0,2,0]:2048:[-2,0,0,0,1]:0.060
0:1:3:[196,-1152,-184,-196,-1924,-640,-576,-1060,-1492,-476,49,-190,-397,-374,-107]:256:[0,0,0,2,0]:2048:[-2,0,0,0,1]:0.060
0:1:3:[0,0,2,1,-2,4,0,2,-20,-8,0,-2,4,8,36]:256:[0,0,0,2,0]:2048:[2,0,0,0,1]:0.050
0:1:3:[3,4,-4,3,-10,3,1,-7,7,-1,0,-1,4,-1,0]:256:[0,0,0,2,0]:2048:[2,0,0,0,1]:0.060
0:1:3:[6,-16,18,15,-36,25,-8,22,-32,18,4,-6,10,-10,6]:256:[0,0,0,2,0]:2048:[2,0,0,0,1]:0.040
0:1:3:[3,-4,4,5,-6,5,-3,5,-5,3,1,-1,2,-1,1]:256:[0,0,0,2,0]:2048:[2,0,0,0,1]:0.050
0:1:3:[0,2,0,0,0,0,-1,0,0,0,0,0,0,0,2]:256:[0,0,0,-8,0]:8:[-2,0,1]:0.020
0:2:2:[[0,4,0,0,0,2],[]]:256:[0,0,0,-8,0]:8:[-2,0,1]:0.030
0:2:3:[[0,-1,-6,-1,20,1,-6,1],[]]:256:[0,0,0,-8,0]:256:[1,0,0,0,1]:0.030
0:1:3:[0,1,0,0,0,-1,1,0,-2,0,0,0,-1,0,-2]:256:[0,0,0,-8,0]:256:[1,0,0,0,1]:0.040
0:1:3:[0,0,1,1,1,4,0,-1,-4,0,0,-1,4,0,4]:256:[0,0,0,-8,0]:256:[1,0,0,0,1]:0.020
0:2:3:[[0,2,5,2,1,-2,5,-2],[1,0,0,0,1]]:256:[0,0,0,-8,0]:256:[1,0,0,0,1]:0.040
0:1:3:[1,0,0,2,-8,2,-2,-2,2,2,1,0,2,0,1]:256:[0,0,0,-8,0]:256:[1,0,0,0,1]:0.020
0:3:3:[[0,-2,5,-2,1,2,5,2],[1,0,0,0,1]]:256:[0,0,0,-8,0]:256:[1,0,0,0,1]:0.610
0:2:3:[[0,-1,6,-1,-20,1,6,1],[]]:256:[0,0,0,-8,0]:256:[1,0,0,0,1]:0.030
0:1:3:[0,1,0,0,0,1,1,0,2,0,0,0,1,0,-2]:256:[0,0,0,-8,0]:256:[1,0,0,0,1]:0.040
0:1:3:[1,-1,6,-1,-4,17,-6,-2,-8,24,1,-12,-4,-8,16]:256:[0,0,0,-8,0]:2048:[-2,0,0,0,1]:0.050
0:1:3:[7,-32,0,32,0,-16,-16,0,16,0,-14,0,-8,0,4]:256:[0,0,0,-8,0]:2048:[-2,0,0,0,1]:0.060
0:1:3:[6,4,28,16,24,45,12,40,30,28,-2,12,25,8,6]:256:[0,0,0,-8,0]:2048:[-2,0,0,0,1]:0.050
0:1:3:[7,32,0,32,0,16,16,0,16,0,-14,0,8,0,4]:256:[0,0,0,-8,0]:2048:[-2,0,0,0,1]:0.060
0:2:3:[[7,-33,49,-27,5,5,-5,-1],[]]:256:[0,0,0,-8,0]:2048:[-2,0,0,0,1]:0.050
0:1:3:[0,1,0,0,0,-2,1,0,-4,0,0,0,-2,0,4]:256:[0,0,0,-8,0]:2048:[-2,0,0,0,1]:0.060
0:2:3:[[-7,-33,-49,-27,-5,5,5,-1],[]]:256:[0,0,0,-8,0]:2048:[-2,0,0,0,1]:0.050
0:1:3:[0,1,0,0,0,2,1,0,4,0,0,0,2,0,4]:256:[0,0,0,-8,0]:2048:[-2,0,0,0,1]:0.060
0:1:3:[6,-20,28,12,-60,45,4,24,-54,28,2,8,9,-16,6]:256:[0,0,0,-8,0]:2048:[2,0,0,0,1]:0.050
0:1:3:[-9,0,0,16,0,0,0,0,16,0,-18,0,0,0,4]:256:[0,0,0,-8,0]:2048:[2,0,0,0,1]:0.070
0:1:3:[1,2,4,3,12,12,2,12,12,-32,1,4,12,-32,36]:256:[0,0,0,-8,0]:2048:[2,0,0,0,1]:0.040
0:1:3:[6497,43904,54880,126340,315850,197604,-87808,-329280,-411600,-171500,25988,129940,244033,204020,64066]:256:[0,0,0,-8,0]:2048:[2,0,0,0,1]:0.050
0:1:3:[-51076,0,0,56448,-395136,691488,0,0,-3528,12348,-25538,357532,-1877043,4379767,-3832241]:256:[0,0,0,-8,0]:2048:[2,0,0,0,1]:0.060
0:1:3:[9,8,-8,-2,-8,-2,-2,-2,2,2,1,0,2,0,1]:256:[0,0,0,-8,0]:2048:[2,0,0,0,1]:0.050
0:1:3:[1,-1,3,2,-5,8,-1,5,-8,8,1,-3,8,-8,4]:256:[0,0,0,-8,0]:2048:[2,0,0,0,1]:0.060
0:2:3:[[0,8,0,-28,0,14,0,-1],[]]:256:[0,0,0,-8,0]:2048:[2,0,0,0,1]:0.050
0:1:3:[0,1,0,0,0,0,1,0,0,0,0,0,0,0,-4]:256:[0,0,0,-8,0]:2048:[2,0,0,0,1]:0.050
0:1:3:[6497,-17916,8958,33610,-33610,8007,234764,-352146,175282,-28950,202729,-405458,302907,-100178,12377]:256:[0,0,0,-8,0]:2048:[2,0,0,0,1]:0.060
0:1:3:[0,0,1,1,1,4,0,-1,4,16,0,-1,4,-16,36]:256:[0,0,0,-8,0]:2048:[2,0,0,0,1]:0.040
0:1:3:[0,-1,-1,4,7,4,-1,-7,-16,-8,0,1,4,8,4]:256:[0,0,0,-8,0]:2048:[2,0,0,0,1]:0.050
0:1:3:[4,2704,-1352,4,-4,-12,-1352,2028,-1014,169,1,-2,-5,6,9]:256:[0,0,0,-8,0]:2048:[2,0,-4,0,1]:0.020
0:1:3:[-4,0,0,1352,-1352,338,0,0,-338,169,-2,4,-3,1,21]:256:[0,0,0,-8,0]:2048:[2,0,-4,0,1]:0.030
0:1:3:[1,-4,4,2,0,2,2,-6,6,-2,1,0,2,0,1]:256:[0,0,0,-8,0]:2048:[2,0,-4,0,1]:0.020
0:1:3:[0,1,1,0,1,2,1,-1,-4,0,0,-1,2,0,-4]:256:[0,0,0,-8,0]:2048:[2,0,-4,0,1]:0.030
0:1:3:[0,0,1,1,-3,0,0,3,-4,-8,0,-1,0,8,4]:256:[0,0,0,-8,0]:2048:[2,0,-4,0,1]:0.020
0:1:3:[1,1352,-676,4,-4,14,-2704,4056,-2028,338,4,-8,32,-28,49]:256:[0,0,0,-8,0]:2048:[2,0,-4,0,1]:0.020
0:1:3:[0,0,-1,0,0,1,0,0,0,3,1,0,0,0,1]:256:[0,-1,0,-3,-1]:8:[-2,0,1]:0.030
0:2:2:[[0,-2,0,-4,0,-1],[]]:256:[0,-1,0,-3,-1]:8:[-2,0,1]:0.040
0:2:3:[[-34,-190,-334,-138,122,54,-26,2],[]]:256:[0,-1,0,-3,-1]:256:[1,0,0,0,1]:0.030
0:2:2:[[0,-2,0,0,0,-2],[]]:256:[0,-1,0,-3,-1]:256:[1,0,0,0,1]:0.050
0:2:3:[[0,16,128,264,0,-132,32,-2],[]]:256:[0,-1,0,-3,-1]:256:[1,0,0,0,1]:0.040
0:1:3:[0,-2,0,5,0,-2,-2,0,-2,0,0,0,-2,0,1]:256:[0,-1,0,-3,-1]:256:[1,0,0,0,1]:0.040
0:2:3:[[0,-2,-4,30,-8,-30,-4,2],[]]:256:[0,-1,0,-3,-1]:256:[1,0,0,0,1]:0.020
0:2:2:[[8,0,-2,0,-1],[0,0,0,1]]:256:[0,-1,0,-3,-1]:256:[1,0,0,0,1]:0.050
0:2:3:[[0,8,-28,14,21,-7,-7,-1],[]]:256:[0,-1,0,-3,-1]:256:[1,0,0,0,1]:0.040
0:1:3:[9,0,0,94,0,-11,0,0,0,0,289,0,-52,0,2]:256:[0,-1,0,-3,-1]:256:[1,0,0,0,1]:0.050
0:1:3:[1,2,2,19,28,11,6,-16,-40,-18,1,-2,7,22,13]:256:[0,-1,0,-3,-1]:256:[1,0,0,0,1]:0.030
0:3:3:[[224,-512,64,512,-112,-256,16,64,14],[]]:256:[0,-1,0,-3,-1]:256:[1,0,0,0,1]:0.740
0:2:3:[[0,16,-64,8,64,-4,-16,-2],[]]:256:[0,-1,0,-3,-1]:256:[1,0,0,0,1]:0.030
0:2:2:[[0,1,4,-2,4,1],[]]:256:[0,-1,0,-3,-1]:256:[1,0,0,0,1]:0.060
0:1:3:[0,0,2,1,-2,8,0,2,-26,-44,0,-2,8,44,41]:256:[0,-1,0,-3,-1]:256:[1,0,0,0,1]:0.030
0:2:3:[[4,-32,120,-208,102,104,30,4],[0,0,0,0,1]]:256:[0,-1,0,-3,-1]:256:[1,0,0,0,1]:0.060
0:1:3:[1,-2,0,2,6,6,-1,-2,6,8,1,3,4,6,5]:256:[0,-1,0,-3,-1]:512:[2,0,-2,0,1]:0.070
0:1:3:[-4,0,0,0,0,-4,0,4,0,0,1,0,0,0,-2]:256:[0,-1,0,-3,-1]:512:[2,0,-2,0,1]:0.070
0:1:3:[1,-2,0,4,6,6,-1,2,6,8,0,-1,2,6,5]:256:[0,-1,0,-3,-1]:512:[2,0,-2,0,1]:0.060
0:1:3:[0,0,2,1,-4,5,0,4,-8,-22,0,-2,5,22,17]:256:[0,-1,0,-3,-1]:2048:[2,0,-4,0,1]:0.030
0:1:3:[-1,0,0,1,-2,1,-1,-1,1,1,0,1,0,1,0]:256:[0,-1,0,-3,-1]:2048:[2,0,-4,0,1]:0.030
0:1:3:[1,4,6,7,16,5,4,16,8,-6,1,6,5,-6,1]:256:[0,-1,0,-3,-1]:2048:[2,0,-4,0,1]:0.030
0:2:3:[[0,16,-64,56,-64,28,-16,2],[]]:256:[0,-1,0,-3,-1]:2048:[2,0,4,0,1]:0.030
0:1:3:[-1,0,0,-1,2,-1,0,0,0,0,0,1,0,1,0]:256:[0,-1,0,-3,-1]:2048:[2,0,4,0,1]:0.040
0:1:3:[1,5,0,10,0,-4,10,0,-12,0,4,0,-8,0,2]:256:[0,-1,0,-13,21]:4:[1,0,1]:0.020
0:2:2:[[0,-2,-8,4,8,2],[]]:256:[0,-1,0,-13,21]:4:[1,0,1]:0.030
0:1:3:[1,5,0,10,0,4,10,0,12,0,4,0,8,0,2]:256:[0,-1,0,-13,21]:4:[1,0,1]:0.030
0:1:3:[7,41,0,88,0,-8,82,0,-24,0,28,0,-16,0,2]:256:[0,-1,0,-13,21]:8:[-2,0,1]:0.020
0:2:2:[[2,6,-12,-4,6,2],[]]:256:[0,-1,0,-13,21]:8:[-2,0,1]:0.040
0:1:3:[-1,-7,0,-16,0,0,-14,0,0,0,-4,0,0,0,2]:256:[0,-1,0,-13,21]:8:[-2,0,1]:0.020
0:2:2:[[0,4,0,-8,0,2],[]]:256:[0,-1,0,-13,21]:8:[-2,0,1]:0.030
0:1:3:[7,41,0,88,0,8,82,0,24,0,28,0,16,0,2]:256:[0,-1,0,-13,21]:8:[-2,0,1]:0.030
0:2:2:[[-2,6,12,-4,-6,2],[]]:256:[0,-1,0,-13,21]:8:[-2,0,1]:0.040
0:1:3:[41,-126,126,131,-290,131,-52,200,-200,52,7,-40,70,-40,7]:256:[0,-1,0,-13,21]:256:[1,0,0,0,1]:0.020
0:3:3:[[-544,-72320,77312,299584,-276688,-149792,19328,9040,-34],[]]:256:[0,-1,0,-13,21]:256:[1,0,0,0,1]:1.130
0:2:3:[[0,8,32,4,-32,-2,8,-1],[]]:256:[0,-1,0,-13,21]:256:[1,0,0,0,1]:0.040
0:1:3:[0,1,1,13,29,17,76,230,229,75,164,580,769,453,100]:256:[0,-1,0,-13,21]:256:[1,0,0,0,1]:0.060
0:2:3:[[4,16,0,-40,-6,20,0,-2],[0,0,0,0,1]]:256:[0,-1,0,-13,21]:256:[1,0,0,0,1]:0.080
0:2:3:[[0,39304,92480,13124,-73856,-6562,23120,-4913],[]]:256:[0,-1,0,-13,21]:256:[1,0,0,0,1]:0.040
0:1:3:[0,0,-45,-315,0,181,0,1634,0,-180,18769,0,-1260,0,0]:256:[0,-1,0,-13,21]:256:[1,0,0,0,1]:0.060
0:2:3:[[0,343,-147,189,3,-275,263,-121,17],[]]:256:[0,-1,0,-13,21]:256:[1,0,0,0,1]:0.050
0:2:2:[[0,2,-2,-7,-1,3,1],[]]:256:[0,-1,0,-13,21]:256:[1,0,0,0,1]:0.070
0:2:3:[[0,8,-64,132,0,-66,-16,-1],[]]:256:[0,-1,0,-13,21]:256:[1,0,0,0,1]:0.030
0:1:3:[0,0,-1,1,0,5,0,2,0,-4,1,0,4,0,0]:256:[0,-1,0,-13,21]:256:[1,0,0,0,1]:0.040
0:2:3:[[0,-16,56,-28,-42,14,14,2],[]]:256:[0,-1,0,-13,21]:256:[1,0,0,0,1]:0.030
0:1:3:[36,-72,0,43,0,-188,-7,0,188,0,0,0,-21,0,289]:256:[0,-1,0,-13,21]:256:[1,0,0,0,1]:0.050
0:1:3:[0,1,1,4,5,2,-8,-20,-13,-1,4,24,52,47,15]:256:[0,-1,0,-13,21]:2048:[2,0,-4,0,1]:0.020
0:1:3:[0,1,1,0,1,2,1,-1,-12,-8,0,-1,2,8,4]:256:[0,-1,0,-13,21]:2048:[2,0,-4,0,1]:0.030
0:1:3:[1,-8,8,16,-44,16,-10,54,-54,10,2,-16,32,-16,2]:256:[0,-1,0,-13,21]:2048:[2,0,-4,0,1]:0.020
0:1:3:[0,1,1,0,1,6,1,-1,-4,8,0,-1,6,-8,4]:256:[0,-1,0,-13,21]:2048:[2,0,-4,0,1]:0.030
0:1:3:[-79,-256,128,780,-780,140,3232,-4848,2164,-274,2564,-5128,3556,-992,94]:256:[0,-1,0,-13,21]:2048:[2,0,-4,0,1]:0.030
0:1:3:[68,-560,280,400,-400,170,320,-480,190,-15,-34,68,-91,57,-9]:256:[0,-1,0,-13,21]:2048:[2,0,-4,0,1]:0.050
0:1:3:[0,1,1,20,29,10,72,156,107,23,68,200,212,95,15]:256:[0,-1,0,-13,21]:2048:[2,0,-4,0,1]:0.020
0:1:3:[17,-32,32,24,-28,24,-10,6,-6,10,2,0,0,0,2]:256:[0,-1,0,-13,21]:2048:[2,0,-4,0,1]:0.020
0:1:3:[-316,-512,-2904,780,-4620,-9680,1616,1476,-12158,-13967,641,2758,-151,-9913,-7389]:256:[0,-1,0,-13,21]:2048:[2,0,-4,0,1]:0.030
0:1:3:[68,560,-280,400,-400,30,-320,480,-290,65,-34,68,-11,-23,11]:256:[0,-1,0,-13,21]:2048:[2,0,-4,0,1]:0.050
0:1:3:[-31,-62,-224,-47,-336,-516,-16,-168,-516,-448,-2,-28,-128,-224,-124]:256:[0,-1,0,-13,21]:2048:[2,0,-4,0,1]:0.020
0:1:3:[-1,0,0,20,0,0,0,0,16,0,-2,0,0,0,4]:256:[0,-1,0,-13,21]:2048:[2,0,-4,0,1]:0.040
0:2:3:[[0,-8,32,-28,32,-14,8,-1],[]]:256:[0,-1,0,-13,21]:2048:[2,0,-4,0,1]:0.030
0:1:3:[0,1,0,0,0,2,1,0,-4,0,0,0,2,0,-4]:256:[0,-1,0,-13,21]:2048:[2,0,-4,0,1]:0.040
0:1:3:[0,1,-2,2,0,-7,-13,84,-166,100,-21,142,-343,348,-124]:256:[0,-1,0,-13,21]:2048:[2,0,-4,0,1]:0.030
0:2:2:[[0,4,8,4,4,1],[]]:128:[0,1,0,1,1]:1:[0,1]:0.020
0:1:2:[[0,-2,0,4,0,2],[]]:128:[0,1,0,1,1]:4:[1,0,1]:0.020
0:1:2:[[7,-2,-25,-20,-15,-2,1],[]]:128:[0,1,0,1,1]:4:[1,0,1]:0.040
0:1:3:[0,0,-1,0,0,-1,0,0,0,-1,1,0,0,0,-1]:128:[0,1,0,1,1]:4:[1,0,1]:0.030
0:2:2:[[0,-4,0,4,0,1],[]]:128:[0,1,0,1,1]:4:[1,0,1]:0.050
0:1:2:[[7,2,-25,20,-15,2,1],[]]:128:[0,1,0,1,1]:4:[1,0,1]:0.030
0:1:2:[[0,2,0,-4,0,-2],[]]:128:[0,1,0,1,1]:4:[1,0,1]:0.040
0:1:2:[[21,-22,1,-12,-5,-6,-1],[]]:128:[0,1,0,1,1]:8:[-2,0,1]:0.020
0:1:2:[[1,12,11,16,11,4,1],[]]:128:[0,1,0,1,1]:8:[-2,0,1]:0.030
0:1:3:[1,3,0,1,0,1,-1,0,2,0,0,0,-1,0,1]:128:[0,1,0,1,1]:8:[-2,0,1]:0.030
0:2:2:[[-1,1,2,-2,1,-1],[]]:128:[0,1,0,1,1]:8:[-2,0,1]:0.040
0:1:2:[[-1785,5950,14875,30940,30345,15470,4165],[]]:128:[0,1,0,1,1]:8:[-2,0,1]:0.030
0:1:2:[[595,-7140,6545,-9520,6545,-2380,595],[]]:128:[0,1,0,1,1]:8:[-2,0,1]:0.050
0:1:3:[1,-2,0,2,6,6,-1,-2,6,8,0,-1,0,6,5]:128:[0,1,0,1,1]:512:[2,0,-2,0,1]:0.080
0:2:3:[[-1,8,-4,-56,122,56,-4,-8,-1],[]]:128:[0,1,0,1,1]:512:[2,0,-2,0,1]:0.100
0:1:3:[1,-4,310,12,-1860,71920,-8,1860,-144150,3723875,4,-1240,143840,-7399700,142444225]:128:[0,1,0,1,1]:512:[2,0,-2,0,1]:0.070
0:3:3:[[7,8,-36,-56,42,56,-36,-8,7],[]]:128:[0,1,0,1,1]:512:[2,0,-2,0,1]:0.230
0:1:3:[1,4,-310,12,-1860,71920,8,-1860,144150,-3723875,4,-1240,143840,-7399700,142444225]:128:[0,1,0,1,1]:512:[2,0,-2,0,1]:0.240
0:1:3:[1,-2,0,4,6,6,-1,2,6,8,1,3,6,6,5]:128:[0,1,0,1,1]:512:[2,0,-2,0,1]:0.060
0:1:3:[1,2,-2,1,-2,1,0,0,0,0,0,1,0,1,0]:128:[0,1,0,1,1]:1024:[-1,0,-2,0,1]:0.080
0:2:3:[[4,16,24,56,38,28,6,2],[0,0,0,0,1]]:128:[0,1,0,1,1]:1024:[-1,0,-2,0,1]:0.110
0:1:3:[1,-2,2,1,-2,1,0,0,0,0,0,1,0,1,0]:128:[0,1,0,1,1]:1024:[-1,0,-2,0,1]:0.100
0:1:3:[-4,0,0,44,0,0,80,0,0,0,41,0,0,0,25]:128:[0,1,0,1,1]:1024:[-1,0,-2,0,1]:0.070
0:2:3:[[-5,18,-22,22,-12,6,6,2,1],[]]:128:[0,1,0,1,1]:1024:[-1,0,-2,0,1]:0.120
0:2:3:[[0,16,-32,56,-32,28,-8,2],[]]:128:[0,1,0,1,1]:1024:[-1,0,-2,0,1]:0.080
0:1:3:[1,0,0,-1,2,-1,0,0,0,0,0,2,0,2,0]:128:[0,1,0,1,1]:1024:[-1,0,-2,0,1]:0.080
0:1:3:[-4,0,0,44,0,0,-80,0,0,0,41,0,0,0,25]:128:[0,1,0,1,1]:1024:[-1,0,-2,0,1]:0.130
0:2:2:[[0,4,-16,28,-8,1],[]]:128:[0,1,0,-9,7]:1:[0,1]:0.020
0:2:2:[[0,4,-16,4,8,1],[]]:128:[0,1,0,-9,7]:1:[0,1]:0.040
0:1:2:[[25,40,-5,0,-5,-40,25],[]]:128:[0,1,0,-9,7]:8:[-2,0,1]:0.020
0:1:2:[[0,-10,0,-10,0,-5],[]]:128:[0,1,0,-9,7]:8:[-2,0,1]:0.040
0:1:2:[[8,-16,12,0,6,4,1],[]]:128:[0,1,0,-9,7]:8:[-2,0,1]:0.020
0:1:2:[[-5,-2,15,-20,5,-2,1],[]]:128:[0,1,0,-9,7]:8:[-2,0,1]:0.040
0:1:3:[0,-1,0,-5,0,0,-6,0,0,0,-2,0,0,0,2]:128:[0,1,0,-9,7]:8:[-2,0,1]:0.030
0:2:2:[[0,4,0,-4,0,2],[]]:128:[0,1,0,-9,7]:8:[-2,0,1]:0.040
0:1:2:[[-5,2,15,20,5,2,1],[]]:128:[0,1,0,-9,7]:8:[-2,0,1]:0.030
0:1:2:[[8,16,12,0,6,-4,1],[]]:128:[0,1,0,-9,7]:8:[-2,0,1]:0.040
0:1:2:[[25,-40,-5,0,-5,40,25],[]]:128:[0,1,0,-9,7]:8:[-2,0,1]:0.030
0:1:2:[[0,10,0,10,0,5],[]]:128:[0,1,0,-9,7]:8:[-2,0,1]:0.050
0:2:3:[[0,-1,-3,7,9,-7,-3,1],[1,0,0,0,1]]:128:[0,1,0,-9,7]:512:[2,0,-2,0,1]:0.100
0:1:3:[-1,0,0,-4,0,0,-4,0,0,0,-1,0,0,0,4]:128:[0,1,0,-9,7]:512:[2,0,-2,0,1]:0.110
0:2:3:[[0,-1,4,7,-8,-7,4,1],[]]:128:[0,1,0,-9,7]:512:[2,0,-2,0,1]:0.080
0:1:3:[0,1,-1,0,0,-2,1,-3,7,-1,0,0,-2,0,0]:128:[0,1,0,-9,7]:512:[2,0,-2,0,1]:0.080
0:1:3:[-1,0,0,-4,0,0,4,0,0,0,-1,0,0,0,4]:128:[0,1,0,-9,7]:512:[2,0,-2,0,1]:0.110
0:2:3:[[4,64,-72,96,-58,48,-18,8],[0,0,0,0,1]]:128:[0,1,0,-9,7]:1024:[-1,0,-2,0,1]:0.150
0:1:3:[-1,0,0,3,6,3,-2,-14,-14,-2,0,6,16,6,0]:128:[0,1,0,-9,7]:1024:[-1,0,-2,0,1]:0.170
0:1:3:[-1,0,0,3,6,3,2,14,14,2,0,6,16,6,0]:128:[0,1,0,-9,7]:1024:[-1,0,-2,0,1]:0.070
0:2:3:[[-8,-42,-51,-26,-31,10,29,-6],[1,0,0,0,1]]:128:[0,1,0,-9,7]:1024:[-1,0,-2,0,1]:0.100
0:1:3:[-1,-8,196324,-12,588972,-7226833683,-16,1177944,-28938942896,237242496145524,-4,392648,-14453667366,236466815996882,-1450737863929879260]:128:[0,1,0,-9,7]:1024:[-1,0,-2,0,1]:0.090
0:3:3:[[4,0,-72,-128,-58,-64,-18],[0,0,0,0,1]]:128:[0,1,0,-9,7]:1024:[-1,0,-2,0,1]:0.360
0:1:3:[-41,96,-13776,-84,24108,-1728601,32,-13776,1975708,-94394874,-4,2296,-494214,47279806,-1696142448]:128:[0,1,0,-9,7]:1024:[-1,0,-2,0,1]:0.260
0:1:3:[-41,-96,-13776,-84,-24108,-1728601,-32,-13776,-1975708,-94394874,-4,-2296,-494214,-47279806,-1696142448]:128:[0,1,0,-9,7]:1024:[-1,0,-2,0,1]:0.100
0:1:3:[-1,8,-196324,-12,588972,-7226833683,16,-1177944,28938942896,-237242496145524,-4,392648,-14453667366,236466815996882,-1450737863929879260]:128:[0,1,0,-9,7]:1024:[-1,0,-2,0,1]:0.360
0:1:3:[-1,0,0,-1,-2,-1,-4,-12,-12,-4,-2,-10,-12,-10,-2]:128:[0,1,0,-9,7]:2048:[2,0,0,0,1]:0.060
0:2:3:[[4,-32,8,112,6,-56,2,4],[0,0,0,0,1]]:128:[0,1,0,-9,7]:2048:[2,0,0,0,1]:0.100
0:1:3:[-1,0,0,-1,-2,-1,4,12,12,4,-2,-10,-12,-10,-2]:128:[0,1,0,-9,7]:2048:[2,0,0,0,1]:0.080
0:1:3:[-1,0,0,116,-812,1421,-672,7056,-24696,28812,1084,-15176,79674,-185906,162778]:128:[0,1,0,-9,7]:2048:[2,0,-4,0,1]:0.040
0:2:3:[[14,50,65,58,41,-2,9,-10,2],[1,0,0,0,1]]:128:[0,1,0,-9,7]:2048:[2,0,-4,0,1]:0.100
0:1:3:[-1,0,0,5,10,5,4,12,12,4,0,-2,0,-2,0]:128:[0,1,0,-9,7]:2048:[2,0,-4,0,1]:0.030
0:2:3:[[4,32,120,112,134,56,30,4],[0,0,0,0,1]]:128:[0,1,0,-9,7]:2048:[2,0,-4,0,1]:0.070
0:1:3:[-1,0,0,5,10,5,-4,-12,-12,-4,0,-2,0,-2,0]:128:[0,1,0,-9,7]:2048:[2,0,-4,0,1]:0.070
0:1:3:[-1,0,0,116,-812,1421,672,-7056,24696,-28812,1084,-15176,79674,-185906,162778]:128:[0,1,0,-9,7]:2048:[2,0,-4,0,1]:0.100
0:1:3:[0,2,0,4,0,0,3,0,0,0,1,0,0,0,2]:128:[0,1,0,3,-5]:4:[1,0,1]:0.020
0:1:3:[0,2,0,6,0,0,7,0,-4,0,3,0,-4,0,2]:128:[0,1,0,3,-5]:8:[2,0,1]:0.020
0:2:2:[[2,-2,4,-4,-2,2],[]]:128:[0,1,0,3,-5]:8:[2,0,1]:0.040
0:1:3:[0,2,0,6,0,0,7,0,4,0,3,0,4,0,2]:128:[0,1,0,3,-5]:8:[2,0,1]:0.020
0:2:2:[[-2,-2,-4,-4,2,2],[]]:128:[0,1,0,3,-5]:8:[2,0,1]:0.040
0:2:3:[[0,1,10,33,20,-33,10,-1],[]]:128:[0,1,0,3,-5]:256:[1,0,0,0,1]:0.040
0:2:2:[[0,2,0,-12,0,2],[]]:128:[0,1,0,3,-5]:256:[1,0,0,0,1]:0.060
0:2:3:[[-5,23,-35,21,1,-3,-1,-1],[]]:128:[0,1,0,3,-5]:256:[1,0,0,0,1]:0.030
0:2:3:[[0,8,16,28,16,14,4,1],[]]:128:[0,1,0,3,-5]:1024:[-1,0,-2,0,1]:0.090
0:1:3:[0,1,0,0,0,1,1,0,-2,0,0,0,1,0,2]:128:[0,1,0,3,-5]:1024:[-1,0,-2,0,1]:0.090
0:1:3:[0,0,-1,0,0,-1,0,0,0,2,1,0,0,0,2]:128:[0,1,0,-2,-2]:8:[-2,0,1]:0.020
0:2:2:[[0,-2,0,-2,0,-1],[]]:128:[0,1,0,-2,-2]:8:[-2,0,1]:0.030
0:2:3:[[-14,-38,-50,-58,-42,-18,-6,2],[]]:128:[0,1,0,-2,-2]:256:[1,0,0,0,1]:0.030
0:2:2:[[0,1,0,6,0,1],[]]:128:[0,1,0,-2,-2]:256:[1,0,0,0,1]:0.060
0:2:3:[[0,-2,-8,14,16,-14,-8,2],[]]:128:[0,1,0,-2,-2]:512:[2,0,-2,0,1]:0.070
0:1:3:[-2,0,0,-1,2,-1,0,0,0,0,0,2,0,2,0]:128:[0,1,0,-2,-2]:512:[2,0,-2,0,1]:0.080
0:1:3:[4,0,0,4,0,4,0,4,0,8,1,0,2,0,3]:128:[0,1,0,-2,-2]:2048:[2,0,0,0,1]:0.040
0:1:3:[-4,0,0,0,0,0,0,4,0,0,1,0,0,0,-2]:128:[0,1,0,-2,-2]:2048:[2,0,0,0,1]:0.050
0:1:3:[4,0,0,-4,0,4,0,-4,0,8,1,0,-2,0,3]:128:[0,1,0,-2,-2]:2048:[2,0,0,0,1]:0.040
0:1:3:[0,0,-1,0,0,5,0,4,0,-9,1,0,-4,0,5]:128:[0,-1,0,1,-1]:4:[1,0,1]:0.020
0:2:2:[[7,-3,-6,-2,3,1],[]]:128:[0,-1,0,1,-1]:4:[1,0,1]:0.040
0:1:3:[0,0,-1,0,0,5,0,-4,0,-9,1,0,4,0,5]:128:[0,-1,0,1,-1]:4:[1,0,1]:0.020
0:2:2:[[-7,-3,6,-2,-3,1],[]]:128:[0,-1,0,1,-1]:4:[1,0,1]:0.040
0:1:3:[0,0,-1,0,0,1,0,0,0,-1,1,0,0,0,1]:128:[0,-1,0,1,-1]:4:[1,0,1]:0.020
0:2:2:[[0,-4,0,-4,0,1],[]]:128:[0,-1,0,1,-1]:4:[1,0,1]:0.030
0:2:3:[[0,-686,-686,-266,558,582,310,162,26],[]]:128:[0,-1,0,1,-1]:256:[1,0,0,0,1]:0.040
0:2:2:[[-490,-476,148,-16,-38,4],[]]:128:[0,-1,0,1,-1]:256:[1,0,0,0,1]:0.060
0:2:3:[[-10,-46,-70,-42,2,6,-2,2],[]]:128:[0,-1,0,1,-1]:256:[1,0,0,0,1]:0.030
0:2:3:[[0,16,32,8,-32,-4,8,-2],[]]:128:[0,-1,0,1,-1]:256:[1,0,0,0,1]:0.040
0:1:3:[1,-2,0,6,22,22,-3,-6,14,24,2,17,60,94,53]:128:[0,-1,0,1,-1]:512:[2,0,-2,0,1]:0.070
0:1:3:[5,-6,-6,-1,10,-1,2,2,2,2,2,4,8,4,2]:128:[0,-1,0,1,-1]:512:[2,0,-2,0,1]:0.080
0:1:3:[1,-2,0,2,6,6,-3,-14,-18,-8,2,9,16,14,5]:128:[0,-1,0,1,-1]:512:[2,0,-2,0,1]:0.060
0:2:3:[[-1,-24,-36,40,58,-40,-36,24,-1],[]]:128:[0,-1,0,1,-1]:512:[2,0,-2,0,1]:0.090
0:1:3:[1,-2,0,4,6,6,-3,-10,-18,-8,1,5,14,14,5]:128:[0,-1,0,1,-1]:512:[2,0,-2,0,1]:0.070
0:3:3:[[-2,-2,9,14,-11,-14,9,2,-2],[1,0,0,0,1]]:128:[0,-1,0,1,-1]:512:[2,0,-2,0,1]:0.150
0:1:3:[1,-2,0,8,22,22,-3,-2,14,24,5,29,74,94,53]:128:[0,-1,0,1,-1]:512:[2,0,-2,0,1]:0.060
0:1:3:[5,6,6,5,-2,5,0,-4,-4,0,1,4,10,4,1]:128:[0,-1,0,1,-1]:512:[2,0,-2,0,1]:0.070
0:2:3:[[0,16,32,56,32,28,8,2],[]]:128:[0,-1,0,1,-1]:1024:[-1,0,-2,0,1]:0.080
0:1:3:[1,0,0,1,-2,1,0,0,0,0,0,2,0,2,0]:128:[0,-1,0,1,-1]:1024:[-1,0,-2,0,1]:0.080
0:1:3:[2,6,0,5,0,0,1,0,0,0,0,0,0,0,2]:128:[0,-1,0,-9,-7]:8:[-2,0,1]:0.020
0:2:2:[[0,4,0,4,0,2],[]]:128:[0,-1,0,-9,-7]:8:[-2,0,1]:0.040
0:2:3:[[-7,19,-25,29,-21,9,-3,-1],[]]:128:[0,-1,0,-9,-7]:256:[1,0,0,0,1]:0.030
0:2:2:[[-1,0,1,0,-1,0,1],[]]:128:[0,-1,0,-9,-7]:256:[1,0,0,0,1]:0.050
0:2:3:[[0,-125,-275,45,203,153,23,-17,-7],[]]:128:[0,-1,0,-9,-7]:256:[1,0,0,0,1]:0.040
0:2:2:[[1,3,5,5,4,2],[]]:128:[0,-1,0,-9,-7]:256:[1,0,0,0,1]:0.060
0:1:3:[0,1,1,4,5,2,-4,-22,-29,-11,1,8,22,23,8]:128:[0,-1,0,-9,-7]:512:[2,0,-2,0,1]:0.070
0:1:3:[0,1,1,0,1,1,1,-1,-2,0,0,-1,1,0,-4]:128:[0,-1,0,-9,-7]:512:[2,0,-2,0,1]:0.080
0:1:3:[5,14,-14,13,-22,13,4,-8,8,-4,1,0,2,0,1]:128:[0,-1,0,-9,-7]:512:[2,0,-2,0,1]:0.070
0:2:3:[[0,-1,-4,7,8,-7,-4,1],[]]:128:[0,-1,0,-9,-7]:512:[2,0,-2,0,1]:0.070
0:1:3:[0,1,0,0,0,-1,1,0,2,0,0,0,-1,0,-4]:128:[0,-1,0,-9,-7]:512:[2,0,-2,0,1]:0.080
0:1:3:[-1,-3,0,-4,0,0,-2,0,0,0,0,0,0,0,2]:128:[0,-1,0,3,5]:4:[1,0,1]:0.030
0:1:3:[1,1,0,-2,0,4,-2,0,4,0,0,0,0,0,2]:128:[0,-1,0,3,5]:8:[-2,0,1]:0.020
0:2:2:[[2,-2,-4,4,-2,2],[]]:128:[0,-1,0,3,5]:8:[-2,0,1]:0.040
0:1:3:[1,1,0,-2,0,-4,-2,0,-4,0,0,0,0,0,2]:128:[0,-1,0,3,5]:8:[-2,0,1]:0.020
0:2:2:[[-2,-2,4,4,2,2],[]]:128:[0,-1,0,3,5]:8:[-2,0,1]:0.030
0:2:3:[[0,8,-16,4,16,-2,-4,-1],[]]:128:[0,-1,0,3,5]:256:[1,0,0,0,1]:0.040
0:2:3:[[0,-1,-10,-33,-20,33,-10,1],[]]:128:[0,-1,0,3,5]:256:[1,0,0,0,1]:0.030
0:1:3:[1,-14,-14,-7,-16,-7,-4,-14,-14,-4,-2,-8,-11,-8,-2]:128:[0,-1,0,3,5]:1024:[-1,0,-2,0,1]:0.070
0:1:3:[-1,0,0,14,0,0,0,0,16,0,1,0,0,0,4]:128:[0,-1,0,3,5]:1024:[-1,0,-2,0,1]:0.080
0:1:3:[1,0,0,-4,4,-4,6,-10,10,-6,-2,8,-8,8,-2]:128:[0,-1,0,3,5]:1024:[-1,0,-2,0,1]:0.060
0:1:3:[0,1,1,0,1,1,1,-1,-2,0,0,-1,1,0,2]:128:[0,-1,0,3,5]:1024:[-1,0,-2,0,1]:0.070
0:2:3:[[0,-8,-16,-28,-16,-14,-4,-1],[]]:128:[0,-1,0,3,5]:1024:[-1,0,-2,0,1]:0.080
0:1:3:[0,1,0,0,0,-1,1,0,2,0,0,0,-1,0,2]:128:[0,-1,0,3,5]:1024:[-1,0,-2,0,1]:0.090
0:1:3:[0,1,1,4,5,2,8,20,19,7,4,8,4,-1,-1]:128:[0,-1,0,3,5]:1024:[-1,0,-2,0,1]:0.070
0:1:3:[0,0,-1,1,-10,-7,4,-36,-54,-22,4,-48,-108,-88,-31]:128:[0,-1,0,3,5]:1024:[-1,0,-2,0,1]:0.070
0:1:3:[0,0,-1,0,0,5,0,4,0,-6,1,0,-4,0,2]:128:[0,-1,0,-2,2]:8:[-2,0,1]:0.020
0:2:2:[[0,-2,8,-10,4,-1],[]]:128:[0,-1,0,-2,2]:8:[-2,0,1]:0.040
0:1:3:[0,0,-1,0,0,5,0,-4,0,-6,1,0,4,0,2]:128:[0,-1,0,-2,2]:8:[-2,0,1]:0.020
0:2:2:[[0,-2,-8,-10,-4,-1],[]]:128:[0,-1,0,-2,2]:8:[-2,0,1]:0.040
0:1:3:[0,0,-1,0,0,1,0,0,0,2,1,0,0,0,-2]:128:[0,-1,0,-2,2]:8:[-2,0,1]:0.010
0:2:2:[[0,-2,0,2,0,-1],[]]:128:[0,-1,0,-2,2]:8:[-2,0,1]:0.030
0:2:3:[[0,-2,8,14,-16,-14,8,2],[]]:128:[0,-1,0,-2,2]:512:[2,0,-2,0,1]:0.080
0:1:3:[-2,0,0,1,-2,1,0,0,0,0,0,2,0,2,0]:128:[0,-1,0,-2,2]:512:[2,0,-2,0,1]:0.090
0:1:3:[4,0,0,4,0,4,0,4,0,0,1,0,-2,0,-1]:128:[0,-1,0,-2,2]:1024:[-1,0,-2,0,1]:0.070
0:1:3:[-4,0,0,0,0,8,0,4,0,8,1,0,4,0,2]:128:[0,-1,0,-2,2]:1024:[-1,0,-2,0,1]:0.080
0:1:3:[4,0,0,-4,0,4,0,-4,0,0,1,0,2,0,-1]:128:[0,-1,0,-2,2]:1024:[-1,0,-2,0,1]:0.060
0:1:3:[-4,0,0,0,0,8,0,4,0,-8,1,0,-4,0,2]:128:[0,-1,0,-2,2]:1024:[-1,0,-2,0,1]:0.070
0:1:3:[31,56,0,-692,0,-10,5488,0,-68,0,-8956,0,164,0,1]:128:[0,-1,0,-2,2]:1024:[-1,0,-2,0,1]:0.070
0:1:3:[92,1632,0,2312,0,816,952,0,1156,0,-46,0,476,0,289]:128:[0,-1,0,-2,2]:1024:[-1,0,-2,0,1]:0.080
0:1:3:[4,0,0,-4,0,-12,0,-4,0,-16,1,0,10,0,23]:128:[0,-1,0,-2,2]:1024:[-1,0,-2,0,1]:0.070
0:1:3:[28,0,-32,-16,0,8,0,4,0,8,1,0,4,0,-14]:128:[0,-1,0,-2,2]:1024:[-1,0,-2,0,1]:0.080
0:1:3:[4,0,-32,4,0,52,0,-12,0,-32,1,0,6,0,7]:128:[0,-1,0,-2,2]:1024:[-1,0,-2,0,1]:0.070
0:1:3:[4,0,-32,-4,0,52,0,12,0,-32,1,0,-6,0,7]:128:[0,-1,0,-2,2]:1024:[-1,0,-2,0,1]:0.070
0:1:3:[4,0,0,4,0,-12,0,4,0,-16,1,0,-10,0,23]:128:[0,-1,0,-2,2]:1024:[-1,0,-2,0,1]:0.070
0:1:3:[28,0,32,16,0,8,0,4,0,-8,1,0,-4,0,-14]:128:[0,-1,0,-2,2]:1024:[-1,0,-2,0,1]:0.090
0:1:3:[31,56,0,-692,0,10,5488,0,68,0,-8956,0,-164,0,1]:128:[0,-1,0,-2,2]:1024:[-1,0,-2,0,1]:0.070
0:1:3:[92,-1632,0,2312,0,-816,-952,0,1156,0,-46,0,-476,0,289]:128:[0,-1,0,-2,2]:1024:[-1,0,-2,0,1]:0.080
0:1:3:[4,-80,0,44,0,-12,32,0,12,0,-17,0,-6,0,9]:128:[0,-1,0,-2,2]:2048:[2,0,-4,0,1]:0.020
0:1:3:[-4,0,0,40,0,0,0,0,36,0,-2,0,0,0,9]:128:[0,-1,0,-2,2]:2048:[2,0,-4,0,1]:0.030
0:1:3:[4,0,-16,-4,0,12,0,4,0,0,1,0,-2,0,-1]:128:[0,-1,0,-2,2]:2048:[2,0,-4,0,1]:0.030
0:1:3:[-4,0,0,0,0,8,0,4,0,0,1,0,0,0,-2]:128:[0,-1,0,-2,2]:2048:[2,0,-4,0,1]:0.030
0:1:3:[4,0,-16,4,0,12,0,-4,0,0,1,0,2,0,-1]:128:[0,-1,0,-2,2]:2048:[2,0,-4,0,1]:0.020
0:1:3:[4,-80,0,44,0,12,32,0,-12,0,-17,0,6,0,9]:128:[0,-1,0,-2,2]:2048:[2,0,-4,0,1]:0.020
0:1:3:[0,1,0,0,0,0,-1,0,0,0,0,0,0,0,2]:64:[0,0,0,-4,0]:1:[0,1]:0.010
0:2:2:[[0,4,0,12,0,1],[]]:64:[0,0,0,-4,0]:1:[0,1]:0.040
0:2:2:[[0,4,0,-12,0,1],[]]:64:[0,0,0,-4,0]:1:[0,1]:0.050
0:1:3:[0,1,0,2,0,0,-1,0,4,0,0,0,0,0,2]:64:[0,0,0,-4,0]:8:[-2,0,1]:0.010
0:2:2:[[-2,2,0,0,-2,2],[]]:64:[0,0,0,-4,0]:8:[-2,0,1]:0.040
0:1:3:[0,0,1,-1,0,0,0,-4,0,-2,2,0,2,0,0]:64:[0,0,0,-4,0]:8:[-2,0,1]:0.040
0:1:3:[0,0,-1,1,0,4,0,-4,0,-2,2,0,2,0,0]:64:[0,0,0,-4,0]:8:[-2,0,1]:0.050
0:1:3:[0,1,0,2,0,0,-1,0,-4,0,0,0,0,0,2]:64:[0,0,0,-4,0]:8:[-2,0,1]:0.020
0:2:2:[[2,2,0,0,2,2],[]]:64:[0,0,0,-4,0]:8:[-2,0,1]:0.030
0:1:3:[0,0,-1,1,0,0,0,-4,0,2,2,0,-2,0,0]:64:[0,0,0,-4,0]:8:[-2,0,1]:0.040
0:1:3:[0,0,1,-1,0,4,0,-4,0,2,2,0,-2,0,0]:64:[0,0,0,-4,0]:8:[-2,0,1]:0.040
0:2:3:[[-3,11,-13,13,-9,1,1,-1],[]]:64:[0,0,0,-4,0]:256:[1,0,0,0,1]:0.040
0:2:2:[[-2,0,4,0,-3,0,1],[]]:64:[0,0,0,-4,0]:256:[1,0,0,0,1]:0.070
0:1:3:[-1,0,0,-3,6,-3,0,0,0,0,0,2,0,2,0]:64:[0,0,0,-4,0]:256:[1,0,0,0,1]:0.070
0:2:2:[[8,0,-18,0,8,0,-1],[]]:64:[0,0,0,-4,0]:256:[1,0,0,0,1]:0.090
0:2:3:[[0,-1,0,7,0,-7,0,1],[]]:64:[0,0,0,-4,0]:256:[1,0,0,0,1]:0.030
0:1:3:[0,-1,0,0,0,0,-1,0,0,0,0,0,0,0,-2]:64:[0,0,0,-4,0]:256:[1,0,0,0,1]:0.040
0:2:2:[[8,0,-16,0,6,0,2],[]]:64:[0,0,0,-4,0]:256:[1,0,0,0,1]:0.060
0:2:2:[[-8,0,16,0,-6,0,-2],[]]:64:[0,0,0,-4,0]:256:[1,0,0,0,1]:0.080
0:2:3:[[0,16,0,-40,0,-20,0,2],[]]:64:[0,0,0,-4,0]:2048:[-2,0,0,0,1]:0.060
0:1:3:[0,-1,0,0,0,-3,-1,0,6,0,0,0,-3,0,16]:64:[0,0,0,-4,0]:2048:[-2,0,0,0,1]:0.060
0:1:3:[1,0,0,-8,0,-5,0,0,0,0,-2,0,2,0,4]:64:[0,0,0,-4,0]:2048:[-2,0,0,0,1]:0.080
0:1:3:[1,0,0,8,0,-5,0,0,0,0,-2,0,-2,0,4]:64:[0,0,0,-4,0]:2048:[-2,0,0,0,1]:0.090
0:2:3:[[0,-8,0,-4,0,-2,0,-1],[]]:64:[0,0,0,-4,0]:2048:[-2,0,0,0,1]:0.050
0:1:3:[-1,0,0,0,0,0,0,0,0,0,0,-1,6,-1,0]:64:[0,0,0,-4,0]:2048:[-2,0,0,0,1]:0.060
0:1:3:[-2,0,0,-8,0,-2,0,0,0,0,1,0,5,0,4]:64:[0,0,0,-4,0]:2048:[-2,0,0,0,1]:0.070
0:1:3:[-2,0,0,8,0,-2,0,0,0,0,1,0,-5,0,4]:64:[0,0,0,-4,0]:2048:[-2,0,0,0,1]:0.090
0:1:3:[0,0,1,1,-9,9,0,9,-32,38,0,-1,9,-38,49]:64:[0,0,0,-4,0]:2048:[-2,0,0,0,1]:0.050
0:1:3:[0,-2,0,-3,2,2,-2,2,2,0,-1,-2,-3,-2,0]:64:[0,0,0,-4,0]:2048:[-2,0,0,0,1]:0.060
0:1:3:[7,16,-16,-11,6,-11,6,-26,26,-6,0,-6,16,-6,0]:64:[0,0,0,-4,0]:2048:[-2,0,0,0,1]:0.070
0:2:3:[[-128,526,-567,646,-267,66,81,-54,20],[1,0,0,0,1]]:64:[0,0,0,-4,0]:2048:[-2,0,0,0,1]:0.100
0:2:3:[[0,2,4,-2,0,-2,-4,2],[]]:64:[0,0,0,-4,0]:2048:[-2,0,0,0,1]:0.050
0:1:3:[1,0,0,0,0,-3,0,0,0,0,-2,0,0,0,2]:64:[0,0,0,-4,0]:2048:[-2,0,0,0,1]:0.060
0:1:3:[2,0,0,-16,0,-5,0,0,0,0,-4,0,2,0,2]:64:[0,0,0,-4,0]:2048:[-2,0,0,0,1]:0.070
0:2:3:[[0,-2,4,2,0,2,-4,-2],[]]:64:[0,0,0,-4,0]:2048:[-2,0,0,0,1]:0.050
0:1:3:[1,0,0,0,0,3,0,0,0,0,-2,0,0,0,2]:64:[0,0,0,-4,0]:2048:[-2,0,0,0,1]:0.060
0:1:3:[2,0,0,16,0,5,0,0,0,0,-4,0,2,0,2]:64:[0,0,0,-4,0]:2048:[-2,0,0,0,1]:0.080
0:1:3:[4,12,-11,17,-27,13,12,-27,24,-10,4,-11,13,-10,1]:64:[0,0,0,-4,0]:2048:[-2,0,0,0,1]:0.040
0:1:3:[2,0,0,-8,0,-4,0,0,0,0,-1,0,-2,0,1]:64:[0,0,0,-4,0]:2048:[-2,0,0,0,1]:0.050
0:1:3:[7,-16,16,-3,22,-3,-10,22,-22,10,4,-6,8,-6,4]:64:[0,0,0,-4,0]:2048:[-2,0,0,0,1]:0.080
0:2:3:[[82,-570,1001,-306,-407,234,-31,-30,-2],[1,0,0,0,1]]:64:[0,0,0,-4,0]:2048:[-2,0,0,0,1]:0.100
0:1:3:[1,2,3,3,7,3,2,7,4,-2,1,3,3,-2,1]:64:[0,0,0,-4,0]:2048:[2,0,0,0,1]:0.050
0:1:3:[0,-1,1,-1,1,0,-1,1,2,-2,0,1,0,-2,-3]:64:[0,0,0,-4,0]:2048:[2,0,0,0,1]:0.050
0:3:3:[[-77072,-184448,-30752,201664,56936,-100832,-7688,23056,-4817],[]]:64:[0,0,0,-4,0]:2048:[2,0,0,0,1]:0.890
0:1:3:[3,8,-8,1,-10,1,-6,10,-10,6,2,-2,4,-2,2]:64:[0,0,0,-4,0]:2048:[2,0,0,0,1]:0.890
0:1:3:[0,0,1,1,-1,1,0,1,-8,-10,0,-1,1,10,9]:64:[0,0,0,-4,0]:2048:[2,0,0,0,1]:0.040
0:1:3:[0,1,-1,-1,1,0,1,-1,-2,2,0,1,0,-2,-3]:64:[0,0,0,-4,0]:2048:[2,0,0,0,1]:0.050
0:2:3:[[4,32,136,272,134,-136,34,-4],[0,0,0,0,1]]:64:[0,0,0,-4,0]:2048:[2,0,0,0,1]:0.080
0:1:3:[3,-8,8,5,-2,5,2,-14,14,-2,0,-2,8,-2,0]:64:[0,0,0,-4,0]:2048:[2,0,0,0,1]:0.090
0:1:3:[14,11,0,0,0,0,-1,0,0,0,0,0,0,0,2]:64:[0,0,0,-44,-112]:8:[-2,0,1]:0.020
0:2:2:[[0,-4,0,-6,0,-2],[]]:64:[0,0,0,-44,-112]:8:[-2,0,1]:0.030
0:2:2:[[0,4,32,60,16,1],[]]:64:[0,0,0,-44,112]:1:[0,1]:0.020
0:2:2:[[0,4,-32,60,-16,1],[]]:64:[0,0,0,-44,112]:1:[0,1]:0.050
0:1:3:[-14,11,0,0,0,0,-1,0,0,0,0,0,0,0,2]:64:[0,0,0,-44,112]:8:[-2,0,1]:0.020
0:2:2:[[0,-4,0,6,0,-2],[]]:64:[0,0,0,-44,112]:8:[-2,0,1]:0.040
0:1:2:[[-1,1,6,-6,-1,1],[]]:64:[0,0,0,-44,112]:8:[-2,0,1]:0.020
0:1:2:[[1,1,-6,-6,1,1],[]]:64:[0,0,0,-44,112]:8:[-2,0,1]:0.030
0:2:3:[[4,0,-136,256,134,128,-34],[0,0,0,0,1]]:64:[0,0,0,-44,112]:2048:[-2,0,0,0,1]:0.080
0:1:3:[7,32,32,45,106,45,20,76,76,20,4,-10,-24,-10,4]:64:[0,0,0,-44,112]:2048:[-2,0,0,0,1]:0.110
0:1:3:[7,-32,-32,45,106,45,-20,-76,-76,-20,4,-10,-24,-10,4]:64:[0,0,0,-44,112]:2048:[-2,0,0,0,1]:0.060
0:2:3:[[-8,-66,5,-130,41,-62,69,2,24],[1,0,0,0,1]]:64:[0,0,0,-44,112]:2048:[-2,0,0,0,1]:0.100
0:2:3:[[-20,-434,-155,-338,-111,242,325,146,28],[1,0,0,0,1]]:64:[0,0,0,-44,112]:2048:[-2,0,0,0,1]:0.080
0:1:3:[-1,0,0,25,50,25,68,220,220,68,52,238,376,238,52]:64:[0,0,0,-44,112]:2048:[-2,0,0,0,1]:0.100
0:1:3:[-1,0,0,25,50,25,-68,-220,-220,-68,52,238,376,238,52]:64:[0,0,0,-44,112]:2048:[-2,0,0,0,1]:0.050
0:2:3:[[148,34,405,-350,369,-546,405,-162,20],[1,0,0,0,1]]:64:[0,0,0,-44,112]:2048:[-2,0,0,0,1]:0.080
0:2:3:[[-92,258,53,450,-911,126,245,-66,4],[1,0,0,0,1]]:64:[0,0,0,-44,112]:2048:[-2,0,0,0,1]:0.100
0:2:3:[[4,-64,248,-224,262,-112,62,-8],[0,0,0,0,1]]:64:[0,0,0,-44,112]:2048:[2,0,-4,0,1]:0.070
0:1:3:[-17,-16,16,9,-18,9,0,0,0,0,0,2,0,2,0]:64:[0,0,0,-44,112]:2048:[2,0,-4,0,1]:0.080
0:1:3:[-17,16,-16,9,-18,9,0,0,0,0,0,2,0,2,0]:64:[0,0,0,-44,112]:2048:[2,0,-4,0,1]:0.030
0:1:3:[0,0,-1,0,0,0,0,0,0,-1,1,0,0,0,0]:64:[0,0,0,1,0]:4:[1,0,1]:0.020
0:2:2:[[0,-4,0,0,0,1],[]]:64:[0,0,0,1,0]:4:[1,0,1]:0.030
0:1:3:[2,0,0,0,0,0,0,0,0,0,2,0,-4,0,1]:64:[0,0,0,1,0]:256:[1,0,0,0,1]:0.020
0:2:3:[[3,8,-36,8,50,-8,-36,-8,3],[]]:64:[0,0,0,1,0]:256:[1,0,0,0,1]:0.040
0:1:3:[2,0,0,0,0,0,0,0,0,0,2,0,4,0,1]:64:[0,0,0,1,0]:256:[1,0,0,0,1]:0.020
0:1:3:[2,0,0,4,0,0,0,0,4,0,-2,0,0,0,1]:64:[0,0,0,1,0]:1024:[-1,0,-2,0,1]:0.070
0:1:3:[-4,0,0,0,0,4,0,4,0,0,1,0,0,0,1]:64:[0,0,0,1,0]:1024:[-1,0,-2,0,1]:0.080
0:1:3:[2,0,0,4,0,0,0,0,-4,0,-2,0,0,0,1]:64:[0,0,0,1,0]:1024:[-1,0,-2,0,1]:0.060
0:1:3:[2,0,0,0,0,0,0,0,0,0,-1,0,2,0,1]:64:[0,0,0,1,0]:2048:[-2,0,0,0,1]:0.050
0:2:3:[[19,54,77,78,47,26,5,2,-1],[1,0,0,0,1]]:64:[0,0,0,1,0]:2048:[-2,0,0,0,1]:0.070
0:1:3:[0,1,1,3,3,1,4,6,3,1,2,4,3,1,0]:64:[0,0,0,1,0]:2048:[-2,0,0,0,1]:0.040
0:2:3:[[-16,62,-91,62,-23,2,5,2],[1,0,0,0,1]]:64:[0,0,0,1,0]:2048:[-2,0,0,0,1]:0.070
0:2:3:[[10,26,38,38,30,14,2,2],[]]:64:[0,0,0,1,0]:2048:[-2,0,0,0,1]:0.050
0:1:3:[2,0,0,-1,-2,-1,0,0,0,0,0,2,0,2,0]:64:[0,0,0,1,0]:2048:[-2,0,0,0,1]:0.050
0:2:3:[[-10,26,-38,38,-30,14,-2,2],[]]:64:[0,0,0,1,0]:2048:[-2,0,0,0,1]:0.060
0:1:3:[2,0,0,1,2,1,0,0,0,0,0,2,0,2,0]:64:[0,0,0,1,0]:2048:[-2,0,0,0,1]:0.060
0:1:3:[6,8,0,12,0,-4,8,0,-4,0,2,0,-4,0,1]:64:[0,0,0,1,0]:2048:[2,0,0,0,1]:0.040
0:1:3:[12,0,-16,-8,0,4,0,4,0,0,1,0,0,0,1]:64:[0,0,0,1,0]:2048:[2,0,0,0,1]:0.050
0:1:3:[6,8,0,12,0,4,8,0,4,0,2,0,4,0,1]:64:[0,0,0,1,0]:2048:[2,0,0,0,1]:0.040
0:1:3:[12,0,16,8,0,4,0,4,0,0,1,0,0,0,1]:64:[0,0,0,1,0]:2048:[2,0,0,0,1]:0.050
0:2:3:[[0,8,0,20,0,-10,0,-1],[]]:64:[0,0,0,1,0]:2048:[2,0,0,0,1]:0.050
0:1:3:[0,1,0,3,0,0,-8,0,0,0,4,0,0,0,2]:64:[0,0,0,1,0]:2048:[2,0,0,0,1]:0.060
0:2:3:[[0,16,0,-8,0,4,0,-2],[]]:64:[0,0,0,1,0]:2048:[2,0,0,0,1]:0.060
0:1:3:[2,0,0,-3,0,0,0,0,0,0,1,0,0,0,1]:64:[0,0,0,1,0]:2048:[2,0,0,0,1]:0.060
0:2:2:[[0,4,-16,12,-8,1],[]]:32:[0,0,0,4,0]:1:[0,1]:0.020
0:2:2:[[0,4,16,12,8,1],[]]:32:[0,0,0,4,0]:1:[0,1]:0.030
0:1:3:[0,-1,0,0,0,0,-1,0,0,0,0,0,0,0,2]:32:[0,0,0,4,0]:4:[1,0,1]:0.020
0:2:2:[[0,1,0,0,0,-1],[]]:32:[0,0,0,4,0]:4:[1,0,1]:0.030
0:1:2:[[-1,1,2,2,3,1],[]]:32:[0,0,0,4,0]:4:[1,0,1]:0.020
0:2:3:[[-18,26,-51,58,-67,38,-19,6,-2],[1,0,0,0,1]]:32:[0,0,0,4,0]:256:[1,0,0,0,1]:0.060
0:2:3:[[4,32,40,16,-26,-8,10,-4],[0,0,0,0,1]]:32:[0,0,0,4,0]:256:[1,0,0,0,1]:0.100
0:2:3:[[-8,50,-83,34,33,-18,-3,-2],[1,0,0,0,1]]:32:[0,0,0,4,0]:256:[1,0,0,0,1]:0.090
0:1:3:[-1,0,0,3,6,3,4,12,12,4,2,6,12,6,2]:32:[0,0,0,4,0]:1024:[-1,0,-2,0,1]:0.090
0:2:3:[[4,-32,56,-112,70,-56,14,-4],[0,0,0,0,1]]:32:[0,0,0,4,0]:1024:[-1,0,-2,0,1]:0.130
0:1:3:[-1,0,0,3,6,3,-4,-12,-12,-4,2,6,12,6,2]:32:[0,0,0,4,0]:1024:[-1,0,-2,0,1]:0.110
0:2:3:[[5,-13,19,-19,15,-7,1,-1],[]]:32:[0,0,0,4,0]:2048:[-2,0,0,0,1]:0.050
0:1:3:[0,0,1,2,-7,2,0,3,0,1,0,-1,0,-1,0]:32:[0,0,0,4,0]:2048:[-2,0,0,0,1]:0.060
0:1:3:[0,1,1,5,3,0,8,10,3,1,4,8,5,1,0]:32:[0,0,0,4,0]:2048:[-2,0,0,0,1]:0.050
0:2:3:[[-4,16,-23,16,-3,0,1],[1,0,0,0,1]]:32:[0,0,0,4,0]:2048:[-2,0,0,0,1]:0.070
0:2:3:[[-5,13,-19,19,-15,7,-1,1],[]]:32:[0,0,0,4,0]:2048:[-2,0,0,0,1]:0.060
0:1:3:[0,1,0,0,0,1,1,0,2,0,0,0,1,0,4]:32:[0,0,0,4,0]:2048:[-2,0,0,0,1]:0.060
0:1:3:[0,-1,0,0,0,1,-1,0,-2,0,0,0,1,0,4]:32:[0,0,0,4,0]:2048:[-2,0,0,0,1]:0.100
0:2:3:[[15,64,92,64,10,0,-4,0,-1],[]]:32:[0,0,0,4,0]:2048:[-2,0,0,0,1]:0.120
0:2:3:[[0,8,0,-4,0,2,0,-1],[]]:32:[0,0,0,4,0]:2048:[2,0,0,0,1]:0.060
0:1:3:[1,0,0,0,0,0,0,0,0,0,0,-1,6,-1,0]:32:[0,0,0,4,0]:2048:[2,0,0,0,1]:0.060
0:3:3:[[112,256,-32,-384,-88,192,-8,-32,7],[]]:32:[0,0,0,4,0]:2048:[2,0,0,0,1]:0.840
0:1:3:[3,-8,-8,9,26,9,-6,-26,-26,-6,2,10,20,10,2]:32:[0,0,0,4,0]:2048:[2,0,0,0,1]:0.860
0:2:3:[[0,16,0,40,0,-20,0,-2],[]]:32:[0,0,0,4,0]:2048:[2,0,0,0,1]:0.050
0:1:3:[1,0,0,-3,0,0,0,0,0,0,2,0,0,0,2]:32:[0,0,0,4,0]:2048:[2,0,0,0,1]:0.060
0:1:3:[3,8,8,9,26,9,6,26,26,6,2,10,20,10,2]:32:[0,0,0,4,0]:2048:[2,0,0,0,1]:0.050
0:2:3:[[-28,64,8,-96,22,48,2,-8,-2],[0,0,0,0,1]]:32:[0,0,0,4,0]:2048:[2,0,0,0,1]:0.100
0:1:3:[0,0,-1,0,0,0,0,0,0,1,1,0,0,0,0]:32:[0,0,0,-1,0]:1:[0,1]:0.020
0:2:2:[[0,4,0,0,0,1],[]]:32:[0,0,0,-1,0]:1:[0,1]:0.030
0:2:2:[[0,1,0,-6,0,1],[]]:32:[0,0,0,-1,0]:1:[0,1]:0.070
0:1:3:[0,0,-1,0,0,1,0,2,0,-1,1,0,-2,0,1]:32:[0,0,0,-1,0]:4:[1,0,1]:0.020
0:1:3:[0,0,-1,1,0,2,0,-2,0,-2,1,0,2,0,0]:32:[0,0,0,-1,0]:4:[1,0,1]:0.030
0:1:3:[0,0,1,-1,0,0,0,-2,0,1,1,0,-1,0,0]:32:[0,0,0,-1,0]:4:[1,0,1]:0.040
0:1:3:[0,0,-1,0,0,1,0,-2,0,-1,1,0,2,0,1]:32:[0,0,0,-1,0]:4:[1,0,1]:0.030
0:1:3:[0,0,1,-1,0,2,0,-2,0,2,1,0,-2,0,0]:32:[0,0,0,-1,0]:4:[1,0,1]:0.030
0:1:3:[0,0,-1,1,0,0,0,-2,0,-1,1,0,1,0,0]:32:[0,0,0,-1,0]:4:[1,0,1]:0.040
0:1:3:[0,0,-1,0,0,1,0,2,0,3,1,0,2,0,1]:32:[0,0,0,-1,0]:8:[-2,0,1]:0.020
0:1:3:[0,0,1,-1,0,0,0,-2,0,-2,1,0,2,0,0]:32:[0,0,0,-1,0]:8:[-2,0,1]:0.030
0:2:2:[[-1,-1,0,0,-1,-1],[]]:32:[0,0,0,-1,0]:8:[-2,0,1]:0.040
0:1:3:[0,0,-1,1,0,2,0,-2,0,1,1,0,-1,0,0]:32:[0,0,0,-1,0]:8:[-2,0,1]:0.050
0:1:3:[0,0,-1,0,0,1,0,-2,0,3,1,0,-2,0,1]:32:[0,0,0,-1,0]:8:[-2,0,1]:0.020
0:1:3:[0,0,-1,1,0,0,0,-2,0,2,1,0,-2,0,0]:32:[0,0,0,-1,0]:8:[-2,0,1]:0.030
0:2:2:[[1,-1,0,0,1,-1],[]]:32:[0,0,0,-1,0]:8:[-2,0,1]:0.050
0:1:3:[0,0,1,-1,0,2,0,-2,0,-1,1,0,1,0,0]:32:[0,0,0,-1,0]:8:[-2,0,1]:0.060
0:2:3:[[-6,-22,-26,-26,-18,-2,2,2],[]]:32:[0,0,0,-1,0]:256:[1,0,0,0,1]:0.040
0:2:2:[[-4,0,8,0,-6,0,2],[]]:32:[0,0,0,-1,0]:256:[1,0,0,0,1]:0.060
0:1:3:[0,-1,1,-3,-3,0,-4,-6,-3,1,-2,-4,-3,-1,0]:32:[0,0,0,-1,0]:256:[1,0,0,0,1]:0.060
0:2:2:[[-8,0,16,0,-9,0,1],[]]:32:[0,0,0,-1,0]:256:[1,0,0,0,1]:0.090
0:2:3:[[0,-1,-2,1,0,1,2,-1],[]]:32:[0,0,0,-1,0]:2048:[-2,0,0,0,1]:0.060
0:1:3:[-1,0,0,0,0,0,0,0,0,0,1,0,3,0,2]:32:[0,0,0,-1,0]:2048:[-2,0,0,0,1]:0.060
0:1:3:[4,0,0,-5,0,-16,0,0,0,0,1,0,1,0,-2]:32:[0,0,0,-1,0]:2048:[-2,0,0,0,1]:0.080
0:1:3:[-2,0,0,1,0,16,0,0,0,0,1,0,5,0,4]:32:[0,0,0,-1,0]:2048:[-2,0,0,0,1]:0.080
0:2:3:[[0,1,-2,-1,0,-1,2,1],[]]:32:[0,0,0,-1,0]:2048:[-2,0,0,0,1]:0.050
0:1:3:[-1,0,0,0,0,0,0,0,0,0,1,0,-3,0,2]:32:[0,0,0,-1,0]:2048:[-2,0,0,0,1]:0.060
0:1:3:[-2,0,0,1,0,-16,0,0,0,0,1,0,-5,0,4]:32:[0,0,0,-1,0]:2048:[-2,0,0,0,1]:0.070
0:1:3:[4,0,0,-5,0,16,0,0,0,0,1,0,-1,0,-2]:32:[0,0,0,-1,0]:2048:[-2,0,0,0,1]:0.090
0:1:3:[1,-20,-36,50,240,258,-76,-492,-1122,-837,49,408,1308,1935,1089]:32:[0,0,0,-1,0]:2048:[-2,0,0,0,1]:0.050
0:1:3:[31,-32,-16,4,4,-5,0,0,2,1,-4,-8,-10,-6,-1]:32:[0,0,0,-1,0]:2048:[-2,0,0,0,1]:0.060
0:1:3:[-2,0,0,0,0,0,0,0,0,0,4,0,36,0,9]:32:[0,0,0,-1,0]:2048:[-2,0,0,0,1]:0.070
0:2:3:[[0,16,0,8,0,4,0,2],[]]:32:[0,0,0,-1,0]:2048:[-2,0,0,0,1]:0.050
0:1:3:[2,0,0,-3,0,0,0,0,0,0,1,0,0,0,-1]:32:[0,0,0,-1,0]:2048:[-2,0,0,0,1]:0.050
0:1:3:[-1,0,0,-8,0,-1,0,0,0,0,2,0,5,0,2]:32:[0,0,0,-1,0]:2048:[-2,0,0,0,1]:0.070
0:1:3:[-1,0,0,8,0,-1,0,0,0,0,2,0,-5,0,2]:32:[0,0,0,-1,0]:2048:[-2,0,0,0,1]:0.070
0:2:3:[[0,-8,0,20,0,10,0,-1],[]]:32:[0,0,0,-1,0]:2048:[-2,0,0,0,1]:0.050
0:1:3:[0,1,0,3,0,0,-8,0,0,0,4,0,0,0,-2]:32:[0,0,0,-1,0]:2048:[-2,0,0,0,1]:0.060
0:1:3:[1,-20,-36,50,240,264,-76,-492,-1074,-783,49,408,1266,1737,900]:32:[0,0,0,-1,0]:2048:[-2,0,0,0,1]:0.050
0:1:3:[-1,0,0,4,4,3,64,96,50,9,124,248,198,74,11]:32:[0,0,0,-1,0]:2048:[-2,0,0,0,1]:0.070
0:1:3:[-2,0,0,0,0,0,0,0,0,0,4,0,-36,0,9]:32:[0,0,0,-1,0]:2048:[-2,0,0,0,1]:0.070
0:1:3:[1,0,4,2,4,10,-3,-18,-40,-20,1,9,28,28,9]:32:[0,0,0,-1,0]:2048:[2,0,0,0,1]:0.050
0:1:3:[3,4,4,7,6,7,3,5,5,3,2,2,4,2,2]:32:[0,0,0,-1,0]:2048:[2,0,0,0,1]:0.060
0:1:3:[-1,0,0,0,0,-4,0,0,0,0,-2,0,0,0,4]:32:[0,0,0,-1,0]:2048:[2,0,0,0,1]:0.060
0:1:3:[1,0,4,0,4,10,-5,-26,-40,-20,4,19,34,28,9]:32:[0,0,0,-1,0]:2048:[2,0,0,0,1]:0.040
0:1:3:[3,-4,-4,3,14,3,-1,-7,-7,-1,0,2,8,2,0]:32:[0,0,0,-1,0]:2048:[2,0,0,0,1]:0.050
0:1:3:[-2,0,0,0,0,0,0,0,0,0,-1,0,4,0,4]:32:[0,0,0,-1,0]:2048:[2,0,0,0,1]:0.060
0:2:3:[[-16,64,32,-224,40,112,8,-8,-1],[]]:32:[0,0,0,-1,0]:2048:[2,0,0,0,1]:0.080
0:1:3:[0,0,-1,0,0,0,0,0,0,11,1,0,0,0,14]:32:[0,0,0,-11,-14]:8:[-2,0,1]:0.020
0:2:2:[[0,4,0,6,0,2],[]]:32:[0,0,0,-11,-14]:8:[-2,0,1]:0.040
0:1:3:[1,8,0,22,0,0,24,0,-4,0,10,0,-8,0,4]:32:[0,0,0,-11,-14]:512:[2,0,-2,0,1]:0.070
0:1:3:[-1,0,0,-2,0,0,0,0,4,0,-2,0,0,0,4]:32:[0,0,0,-11,-14]:512:[2,0,-2,0,1]:0.080
0:1:3:[1,8,0,22,0,0,24,0,4,0,10,0,8,0,4]:32:[0,0,0,-11,-14]:512:[2,0,-2,0,1]:0.070
0:2:2:[[0,-1,-8,-18,8,-1],[]]:32:[0,0,0,-11,14]:1:[0,1]:0.030
0:2:2:[[0,1,-8,18,8,1],[]]:32:[0,0,0,-11,14]:1:[0,1]:0.040
0:1:3:[0,0,-1,0,0,0,0,0,0,11,1,0,0,0,-14]:32:[0,0,0,-11,14]:8:[-2,0,1]:0.020
0:2:2:[[0,4,0,-6,0,2],[]]:32:[0,0,0,-11,14]:8:[-2,0,1]:0.030
0:1:2:[[0,-2,-4,0,-4,2],[]]:32:[0,0,0,-11,14]:8:[-2,0,1]:0.040
0:1:3:[0,-1,1,0,3,3,6,18,15,5,-5,-26,-48,-37,-10]:32:[0,0,0,-11,14]:512:[2,0,-2,0,1]:0.080
0:2:3:[[0,-4,17,28,-31,-28,17,4],[1,0,0,0,1]]:32:[0,0,0,-11,14]:512:[2,0,-2,0,1]:0.110
0:1:3:[0,-1,1,0,3,3,-2,-6,-9,-3,-13,-50,-72,-45,-10]:32:[0,0,0,-11,14]:512:[2,0,-2,0,1]:0.100
0:1:3:[-2,-8,0,-12,0,8,-8,0,12,0,-1,0,0,0,4]:32:[0,0,0,-11,14]:2048:[-2,0,0,0,1]:0.050
0:1:3:[7,-8,0,-4,0,-16,8,0,4,0,-2,0,16,0,4]:32:[0,0,0,-11,14]:2048:[-2,0,0,0,1]:0.070
0:1:3:[-2,-8,0,-12,0,-8,-8,0,-12,0,-1,0,0,0,4]:32:[0,0,0,-11,14]:2048:[-2,0,0,0,1]:0.040
0:1:3:[7,8,0,-4,0,16,-8,0,4,0,-2,0,-16,0,4]:32:[0,0,0,-11,14]:2048:[-2,0,0,0,1]:0.060
0:1:3:[142,296,0,212,0,-168,64,0,-204,0,7,0,-48,0,36]:32:[0,0,0,-11,14]:2048:[-2,0,0,0,1]:0.040
0:1:3:[-1,0,0,12,0,0,24,0,36,0,14,0,48,0,36]:32:[0,0,0,-11,14]:2048:[-2,0,0,0,1]:0.050
0:1:3:[142,296,0,212,0,168,64,0,204,0,7,0,48,0,36]:32:[0,0,0,-11,14]:2048:[-2,0,0,0,1]:0.050
0:1:3:[-1,0,0,12,0,0,-24,0,36,0,14,0,-48,0,36]:32:[0,0,0,-11,14]:2048:[-2,0,0,0,1]:0.060
0:1:3:[46,120,0,116,0,120,48,0,180,0,7,0,48,0,36]:32:[0,0,0,-11,14]:2048:[-2,0,0,0,1]:0.040
0:1:3:[46,120,0,116,0,-120,48,0,-180,0,7,0,-48,0,36]:32:[0,0,0,-11,14]:2048:[-2,0,0,0,1]:0.050
0:1:3:[-2,-16,0,-20,0,-8,-8,0,-4,0,-1,0,0,0,4]:32:[0,0,0,-11,14]:2048:[2,0,-4,0,1]:0.030
0:1:3:[-1,0,0,4,0,0,0,0,4,0,-2,0,0,0,4]:32:[0,0,0,-11,14]:2048:[2,0,-4,0,1]:0.040
0:1:3:[-2,-16,0,-20,0,8,-8,0,4,0,-1,0,0,0,4]:32:[0,0,0,-11,14]:2048:[2,0,-4,0,1]:0.030
